Latitude: 47.5652173913043  Longitude: -89.5652173913043
X & Y on Lambert Conformal Conic: 748748.66 584001.77
Tile: 12286
Elevation: 179 meters
All years; all variables; Daymet Software Version 4.0
How to cite: Thornton; M.M.; R. Shrestha; Y. Wei; P.E. Thornton; S. Kao; and B.E. Wilson. 2020. Daymet: Daily Surface Weather Data on a 1-km Grid for North America; Version 4. ORNL DAAC; Oak Ridge; Tennessee; USA.  https://doi.org/10.3334/ORNLDAAC/1840 

year,yday,dayl (s),prcp (mm/day),srad (W/m^2),swe (kg/m^2),tmax (deg c),tmin (deg c),vp (Pa)
2010,1,29905.94,0.00,146.28,31.45,-11.62,-19.25,133.26
2010,2,29962.66,0.00,139.76,31.45,-16.55,-23.59,91.08
2010,3,30023.99,0.00,167.85,31.45,-11.24,-20.80,116.52
2010,4,30089.87,0.00,150.28,31.45,-8.20,-16.01,175.36
2010,5,30160.26,0.00,149.49,31.45,-5.89,-13.57,214.44
2010,6,30235.08,0.00,135.36,31.45,-6.38,-12.96,225.42
2010,7,30314.29,0.00,127.61,31.45,-6.44,-12.47,234.53
2010,8,30397.81,0.00,144.88,31.45,-8.69,-15.69,180.03
2010,9,30485.59,0.00,188.69,31.45,-4.85,-16.28,171.45
2010,10,30577.55,3.05,127.98,34.50,-4.19,-13.07,223.45
2010,11,30673.62,0.00,167.73,34.50,-4.83,-13.26,220.03
2010,12,30773.72,0.00,199.48,34.50,-0.83,-13.34,218.65
2010,13,30877.80,0.00,173.99,34.50,-0.87,-9.69,292.89
2010,14,30985.75,0.00,166.39,34.50,-0.32,-8.38,324.74
2010,15,31097.52,0.00,152.73,34.50,0.83,-6.18,385.15
2010,16,31213.02,0.00,143.36,33.56,2.64,-3.74,463.24
2010,17,31332.17,0.00,193.38,33.42,4.61,-5.67,400.36
2010,18,31454.88,0.11,137.15,32.99,0.84,-4.98,421.81
2010,19,31581.09,0.00,117.26,32.99,-3.60,-8.30,326.78
2010,20,31710.69,0.00,193.33,32.99,-1.13,-10.37,277.54
2010,21,31843.62,0.00,204.48,32.99,0.80,-9.47,298.20
2010,22,31979.79,0.00,184.59,32.99,1.61,-6.65,371.38
2010,23,32119.11,4.01,75.32,31.07,2.42,-1.43,550.12
2010,24,32261.50,18.00,43.77,28.36,2.52,0.44,630.50
2010,25,32406.88,2.62,113.15,28.17,0.33,-5.55,404.15
2010,26,32555.16,0.00,188.02,28.17,-7.39,-14.98,190.99
2010,27,32706.26,0.00,165.94,28.17,-12.17,-18.38,143.60
2010,28,32860.11,0.00,162.71,28.17,-15.11,-21.03,114.16
2010,29,33016.61,0.00,228.15,28.17,-9.43,-19.40,131.58
2010,30,33175.69,0.00,245.23,28.17,-5.15,-16.95,162.04
2010,31,33337.27,0.00,203.91,28.17,-9.01,-16.75,164.75
2010,32,33501.27,0.00,227.96,28.17,-7.51,-16.79,164.29
2010,33,33667.61,1.30,235.03,29.48,-6.21,-15.81,178.37
2010,34,33836.22,0.00,270.16,29.48,-3.88,-17.98,148.58
2010,35,34007.01,0.00,254.99,29.48,-1.41,-12.78,228.82
2010,36,34179.92,0.00,198.99,29.48,-2.74,-9.86,289.09
2010,37,34354.86,0.00,215.06,29.48,-2.79,-10.63,271.93
2010,38,34531.78,3.04,149.63,32.52,-3.61,-10.49,275.01
2010,39,34710.60,0.00,175.71,32.52,-4.30,-9.95,287.03
2010,40,34891.24,0.00,194.95,32.52,-4.80,-11.06,262.81
2010,41,35073.64,0.00,210.56,32.52,-3.42,-10.21,281.27
2010,42,35257.74,0.00,250.36,32.52,-3.85,-12.36,236.72
2010,43,35443.47,0.00,287.95,32.52,-2.02,-13.25,220.20
2010,44,35630.76,0.00,302.29,32.52,-1.80,-14.50,198.77
2010,45,35819.55,7.51,174.16,40.03,-2.74,-9.96,286.91
2010,46,36009.79,1.98,229.70,42.00,0.36,-6.69,370.18
2010,47,36201.40,0.00,194.99,41.62,0.45,-5.10,418.16
2010,48,36394.35,0.00,267.87,41.06,3.97,-4.66,432.27
2010,49,36588.56,0.00,333.20,41.06,3.94,-11.00,264.03
2010,50,36783.98,0.00,336.70,41.06,2.50,-12.32,237.40
2010,51,36980.57,0.00,344.38,41.06,2.38,-13.32,219.00
2010,52,37178.26,0.00,344.04,41.06,2.60,-12.44,235.26
2010,53,37377.01,0.00,334.96,41.06,2.52,-10.90,266.14
2010,54,37576.76,0.00,335.95,41.06,-0.76,-14.03,206.56
2010,55,37777.47,0.00,294.92,41.06,-5.73,-15.60,181.49
2010,56,37979.09,0.00,311.21,41.06,-4.08,-14.81,193.79
2010,57,38181.58,0.00,366.02,41.06,0.48,-15.90,177.00
2010,58,38384.89,0.00,328.96,41.06,3.98,-8.27,327.56
2010,59,38588.98,0.00,247.13,40.82,2.26,-5.42,408.08
2010,60,38793.80,0.00,256.45,40.82,-0.37,-8.14,330.95
2010,61,38999.32,0.00,352.48,40.82,3.21,-9.83,285.32
2010,62,39205.49,0.00,368.06,40.82,4.44,-9.91,274.75
2010,63,39412.27,0.00,346.00,40.82,2.67,-9.50,294.84
2010,64,39619.63,0.00,389.90,40.82,6.09,-10.11,258.19
2010,65,39827.53,0.00,370.66,40.71,8.15,-5.74,355.79
2010,66,40035.94,0.00,346.31,39.41,9.14,-2.91,444.11
2010,67,40244.81,0.00,341.56,37.73,9.70,-2.00,472.81
2010,68,40454.11,0.00,339.09,35.93,9.77,-1.73,481.97
2010,69,40663.82,3.65,251.28,33.87,10.29,-1.08,548.99
2010,70,40873.89,3.51,165.69,30.75,7.98,1.42,676.81
2010,71,41084.29,2.61,129.71,27.28,7.22,2.27,719.11
2010,72,41294.99,0.00,252.75,23.78,9.85,2.32,721.76
2010,73,41505.96,0.00,349.52,20.50,13.45,1.83,594.48
2010,74,41717.17,0.00,369.28,17.43,13.90,1.31,553.44
2010,75,41928.59,0.00,359.06,14.98,11.67,-0.18,516.66
2010,76,42140.18,0.00,369.61,12.37,12.73,0.23,516.87
2010,77,42351.92,0.00,401.66,10.15,14.10,-0.72,446.73
2010,78,42563.78,0.00,333.95,9.00,7.23,-3.26,441.26
2010,79,42775.73,0.00,323.92,9.00,1.14,-8.49,321.89
2010,80,42987.73,0.00,384.24,8.50,7.61,-4.82,366.76
2010,81,43199.77,0.00,367.73,7.22,8.36,-2.94,407.09
2010,82,43411.80,0.00,357.05,5.16,9.50,-1.11,462.89
2010,83,43623.81,0.00,403.25,4.42,8.44,-4.25,349.91
2010,84,43835.75,0.00,399.39,4.42,-0.18,-12.16,221.15
2010,85,44047.61,0.00,433.19,4.42,1.59,-12.40,203.22
2010,86,44259.35,3.68,287.87,4.08,6.10,-5.19,393.41
2010,87,44470.95,0.00,255.17,2.17,5.03,-1.44,549.68
2010,88,44682.37,0.00,411.93,1.71,7.14,-4.91,341.72
2010,89,44893.58,0.00,401.29,0.00,13.46,-1.05,418.06
2010,90,45104.55,0.00,406.80,0.00,20.20,4.86,503.48
2010,91,45315.25,0.00,404.29,0.00,18.58,3.85,449.21
2010,92,45525.65,0.00,376.36,0.00,19.34,6.66,570.07
2010,93,45735.72,0.00,332.70,0.00,14.18,4.04,564.30
2010,94,45945.43,3.21,239.52,0.00,9.12,-0.14,540.60
2010,95,46154.73,0.00,427.57,0.00,14.42,-0.70,346.40
2010,96,46363.61,0.00,407.35,0.00,15.11,1.63,417.46
2010,97,46572.01,0.00,330.24,0.00,7.95,-1.40,435.54
2010,98,46779.91,0.00,319.66,0.00,5.35,-3.41,397.59
2010,99,46987.28,0.00,399.86,0.00,8.08,-4.09,316.35
2010,100,47194.06,0.00,431.33,0.00,15.21,0.67,365.22
2010,101,47400.23,0.00,437.75,0.00,14.87,-0.25,321.44
2010,102,47605.75,0.00,370.28,0.00,13.22,2.03,447.72
2010,103,47810.57,0.00,292.45,0.00,10.75,2.68,569.56
2010,104,48014.66,2.61,294.82,0.00,16.78,4.53,595.48
2010,105,48217.97,1.30,413.86,0.00,20.01,6.74,514.07
2010,106,48420.46,0.00,335.61,0.00,12.92,3.52,556.39
2010,107,48622.09,0.00,434.57,0.00,14.45,0.62,360.83
2010,108,48822.80,0.00,396.49,0.00,9.81,-1.77,357.46
2010,109,49022.56,0.00,443.99,0.00,13.16,-1.15,317.70
2010,110,49221.31,0.00,455.46,0.00,13.49,-1.58,297.86
2010,111,49419.00,0.00,331.99,0.00,6.40,-2.53,398.81
2010,112,49615.59,0.00,427.81,0.00,8.36,-4.56,280.24
2010,113,49811.01,0.00,512.77,0.00,19.49,-2.48,213.73
2010,114,50005.23,0.00,436.96,0.00,17.10,3.27,368.82
2010,115,50198.17,0.00,365.97,0.00,15.03,4.88,324.21
2010,116,50389.80,0.00,401.59,0.00,13.25,1.80,244.72
2010,117,50580.04,0.00,431.45,0.00,10.58,-2.34,177.25
2010,118,50768.83,0.00,470.46,0.00,13.01,-2.36,176.94
2010,119,50956.13,4.71,313.09,0.00,14.70,2.37,303.48
2010,120,51141.86,14.41,293.31,0.00,16.13,5.00,437.80
2010,121,51325.96,4.96,264.62,0.00,16.19,6.48,687.42
2010,122,51508.36,0.00,430.87,0.00,16.31,3.63,402.90
2010,123,51689.01,0.00,395.59,0.00,12.46,1.46,403.54
2010,124,51867.83,4.92,281.18,0.00,13.53,3.18,567.17
2010,125,52044.75,3.25,305.01,0.00,13.09,1.64,512.66
2010,126,52219.70,0.00,332.51,0.00,10.68,2.15,533.87
2010,127,52392.61,3.13,201.70,0.00,6.46,-0.15,600.91
2010,128,52563.41,0.00,373.13,0.00,10.18,0.45,455.85
2010,129,52732.02,0.00,433.25,0.00,10.17,-1.82,336.24
2010,130,52898.37,0.00,491.10,0.00,13.84,-1.46,285.29
2010,131,53062.37,0.00,361.12,0.00,11.99,2.84,514.38
2010,132,53223.96,0.00,326.51,0.00,13.76,5.68,650.86
2010,133,53383.04,23.69,188.83,0.00,10.64,4.63,821.86
2010,134,53539.55,4.70,279.09,0.00,13.63,4.12,751.52
2010,135,53693.40,0.00,455.05,0.00,15.07,2.38,519.66
2010,136,53844.51,0.00,495.73,0.00,18.42,3.05,455.71
2010,137,53992.80,0.00,497.71,0.00,21.13,5.42,500.97
2010,138,54138.19,0.00,501.67,0.00,21.56,5.40,492.41
2010,139,54280.58,0.00,508.87,0.00,23.98,6.95,519.43
2010,140,54419.91,0.00,458.89,0.00,21.48,8.06,635.68
2010,141,54556.08,0.00,444.38,0.00,20.39,7.67,643.80
2010,142,54689.02,0.00,405.79,0.00,19.01,8.04,719.19
2010,143,54818.63,0.00,409.61,0.00,22.13,11.15,843.10
2010,144,54944.84,0.00,476.30,0.00,26.68,12.28,751.85
2010,145,55067.57,7.37,354.02,0.00,26.78,12.04,952.40
2010,146,55186.72,0.00,471.52,0.00,24.20,10.04,727.45
2010,147,55302.23,0.00,451.50,0.00,23.48,10.44,779.59
2010,148,55414.01,0.00,453.56,0.00,21.52,8.63,704.13
2010,149,55521.97,0.00,460.52,0.00,22.40,9.10,708.82
2010,150,55626.05,3.93,328.13,0.00,21.57,9.12,905.12
2010,151,55726.17,3.83,323.09,0.00,21.10,8.90,923.65
2010,152,55822.25,1.96,475.73,0.00,23.61,9.19,729.38
2010,153,55914.21,0.00,422.74,0.00,19.37,7.76,765.97
2010,154,56002.00,0.00,483.74,0.00,20.42,5.69,598.95
2010,155,56085.53,12.39,232.77,0.00,15.69,7.84,1048.85
2010,156,56164.75,1.02,178.44,0.00,12.37,8.18,1085.37
2010,157,56239.59,0.00,353.47,0.00,16.08,7.05,885.03
2010,158,56309.98,0.00,476.62,0.00,18.32,4.16,607.56
2010,159,56375.87,23.10,328.29,0.00,18.01,5.59,817.12
2010,160,56437.21,0.00,421.48,0.00,18.83,7.20,866.32
2010,161,56493.94,0.00,373.07,0.00,17.37,7.58,937.22
2010,162,56546.02,15.59,138.14,0.00,14.39,10.00,1226.94
2010,163,56593.39,0.00,285.93,0.00,16.56,9.42,1180.17
2010,164,56636.02,1.39,295.88,0.00,17.23,9.81,1211.59
2010,165,56673.88,0.00,345.84,0.00,19.25,10.36,1193.60
2010,166,56706.92,0.00,287.49,0.00,18.84,11.78,1381.33
2010,167,56735.12,0.00,351.19,0.00,18.77,10.09,1168.98
2010,168,56758.46,16.61,361.77,0.00,23.72,9.11,1054.40
2010,169,56776.91,0.00,449.33,0.00,25.54,12.75,1259.88
2010,170,56790.45,2.82,280.32,0.00,22.83,13.23,1519.59
2010,171,56799.08,0.00,405.40,0.00,21.48,11.09,1219.85
2010,172,56802.79,5.57,349.00,0.00,23.68,10.18,1202.79
2010,173,56801.57,0.00,359.56,0.00,21.11,12.20,1388.67
2010,174,56795.42,9.65,323.68,0.00,24.68,12.74,1465.16
2010,175,56784.35,0.00,374.94,0.00,21.51,12.26,1397.48
2010,176,56768.38,6.00,273.67,0.00,19.92,11.22,1331.41
2010,177,56747.50,0.00,444.56,0.00,21.85,10.23,1155.65
2010,178,56721.75,9.05,278.27,0.00,20.35,11.55,1360.79
2010,179,56691.15,0.00,412.64,0.00,20.12,10.06,1206.80
2010,180,56655.72,0.00,482.57,0.00,20.04,6.94,928.11
2010,181,56615.49,0.00,480.83,0.00,19.39,6.44,902.32
2010,182,56570.50,4.58,348.48,0.00,19.64,7.44,1031.73
2010,183,56520.79,0.00,509.67,0.00,28.33,11.39,1174.60
2010,184,56466.40,0.00,466.51,0.00,30.28,16.03,1629.40
2010,185,56407.38,1.95,374.49,0.00,28.06,18.19,2029.66
2010,186,56343.78,0.00,421.36,0.00,27.95,16.15,1722.07
2010,187,56275.65,0.00,379.36,0.00,26.58,16.52,1838.97
2010,188,56203.05,1.49,458.98,0.00,27.91,14.27,1481.57
2010,189,56126.03,0.00,393.56,0.00,26.47,15.97,1761.44
2010,190,56044.67,0.00,451.44,0.00,25.68,12.83,1379.16
2010,191,55959.02,2.94,348.45,0.00,27.67,13.27,1523.12
2010,192,55869.15,4.85,257.97,0.00,25.34,16.37,1860.43
2010,193,55775.14,0.00,431.18,0.00,23.00,10.97,1279.20
2010,194,55677.05,0.00,478.49,0.00,24.58,9.57,1116.78
2010,195,55574.96,27.51,222.94,0.00,23.67,16.02,1819.53
2010,196,55468.94,0.00,353.61,0.00,24.35,14.83,1685.45
2010,197,55359.08,0.00,421.85,0.00,27.68,14.83,1683.08
2010,198,55245.44,0.00,407.99,0.00,25.36,13.59,1555.99
2010,199,55128.12,1.56,371.49,0.00,23.41,13.37,1533.32
2010,200,55007.18,0.21,387.60,0.00,23.25,12.59,1457.20
2010,201,54882.72,5.51,264.98,0.00,22.41,13.06,1503.15
2010,202,54754.81,0.00,450.39,0.00,27.03,12.80,1471.04
2010,203,54623.54,0.24,389.89,0.00,24.76,13.72,1568.65
2010,204,54488.99,0.97,367.38,0.00,26.27,15.89,1804.76
2010,205,54351.25,0.83,367.03,0.00,24.70,14.50,1650.19
2010,206,54210.39,0.00,456.04,0.00,28.33,13.04,1490.23
2010,207,54066.50,0.00,428.51,0.00,27.70,14.05,1603.25
2010,208,53919.67,0.00,364.70,0.00,26.25,15.61,1772.69
2010,209,53769.97,0.00,374.43,0.00,26.55,15.44,1753.03
2010,210,53617.49,0.00,403.09,0.00,24.79,12.72,1470.03
2010,211,53462.31,3.44,254.65,0.00,23.42,14.03,1600.73
2010,212,53304.51,0.00,356.05,0.00,24.17,14.15,1613.29
2010,213,53144.18,7.16,303.31,0.00,26.33,14.12,1610.50
2010,214,52981.38,0.00,353.64,0.00,25.43,15.49,1758.85
2010,215,52816.21,0.00,441.00,0.00,30.55,15.33,1699.34
2010,216,52648.73,0.00,422.00,0.00,28.77,14.98,1689.45
2010,217,52479.03,0.00,392.01,0.00,25.42,13.61,1558.21
2010,218,52307.17,0.00,407.37,0.00,21.42,9.48,1185.03
2010,219,52133.24,0.00,422.79,0.00,23.73,10.57,1275.30
2010,220,51957.31,0.00,365.90,0.00,24.76,14.04,1601.71
2010,221,51779.44,0.00,361.10,0.00,26.17,15.49,1758.96
2010,222,51599.70,0.00,397.78,0.00,28.79,15.85,1800.17
2010,223,51418.18,5.74,209.30,0.00,25.73,17.89,2048.97
2010,224,51234.92,0.00,363.70,0.00,28.02,16.91,1925.67
2010,225,51050.00,7.96,195.24,0.00,25.42,18.20,2088.66
2010,226,50863.49,0.00,355.02,0.00,26.97,16.26,1847.62
2010,227,50675.44,2.38,240.52,0.00,23.16,14.24,1622.73
2010,228,50485.92,0.00,325.26,0.00,20.54,11.73,1377.41
2010,229,50294.99,2.50,273.12,0.00,20.81,10.52,1270.70
2010,230,50102.71,0.00,336.89,0.00,18.76,9.65,1198.59
2010,231,49909.13,0.00,395.23,0.00,21.35,9.50,1187.02
2010,232,49714.30,24.83,273.84,0.00,21.07,10.61,1278.24
2010,233,49518.30,0.00,285.46,0.00,20.14,12.56,1454.66
2010,234,49321.15,0.00,411.25,0.00,25.22,11.73,1376.83
2010,235,49122.93,0.00,384.26,0.00,24.98,12.87,1484.03
2010,236,48923.68,0.00,371.09,0.00,24.22,12.88,1485.40
2010,237,48723.44,0.00,373.53,0.00,21.96,10.80,1294.55
2010,238,48522.27,0.00,394.10,0.00,21.15,8.96,1144.77
2010,239,48320.21,0.00,423.64,0.00,24.34,9.50,1187.11
2010,240,48117.31,0.00,404.31,0.00,27.60,13.18,1514.44
2010,241,47913.61,0.00,390.79,0.00,27.88,14.01,1598.92
2010,242,47709.15,0.00,325.29,0.00,29.00,18.19,2088.06
2010,243,47503.98,1.66,298.61,0.00,27.51,18.03,2066.93
2010,244,47298.13,0.00,332.58,0.00,23.68,13.25,1521.22
2010,245,47091.65,11.55,244.79,0.00,19.06,9.43,1181.24
2010,246,46884.57,10.37,147.64,0.00,14.96,9.82,1212.67
2010,247,46676.94,0.00,329.29,0.00,16.22,6.82,989.06
2010,248,46468.78,0.00,408.10,0.00,16.61,2.98,756.49
2010,249,46260.14,13.92,291.00,0.00,17.81,5.19,883.65
2010,250,46051.05,8.35,174.14,0.00,14.67,8.46,1106.66
2010,251,45841.54,0.00,321.98,0.00,15.97,6.66,977.94
2010,252,45631.65,0.00,297.85,0.00,15.10,6.77,985.78
2010,253,45421.41,10.40,263.98,0.00,16.66,5.79,921.49
2010,254,45210.86,11.19,229.79,0.00,17.65,8.64,1119.74
2010,255,45000.02,0.00,360.05,0.00,20.65,8.53,1111.23
2010,256,44788.92,0.00,336.91,0.00,18.03,7.32,1023.44
2010,257,44577.61,0.00,348.84,0.00,17.06,5.62,910.46
2010,258,44366.10,7.34,255.63,0.00,15.05,4.02,814.39
2010,259,44154.43,0.00,310.95,0.00,14.56,4.88,864.97
2010,260,43942.62,0.00,326.67,0.00,16.91,6.14,943.73
2010,261,43730.72,0.00,316.66,0.00,14.84,4.65,850.81
2010,262,43518.74,0.00,367.90,0.00,16.06,2.41,726.61
2010,263,43306.71,0.00,356.36,0.00,15.46,2.34,722.69
2010,264,43094.68,0.00,363.80,0.00,19.79,5.17,882.13
2010,265,42882.65,6.24,246.04,0.00,15.71,3.98,811.77
2010,266,42670.67,23.91,123.55,0.00,12.90,7.95,1068.27
2010,267,42458.77,13.27,125.44,0.00,12.81,7.82,1059.07
2010,268,42246.96,0.00,289.50,0.00,12.81,3.29,773.47
2010,269,42035.29,0.00,342.22,0.00,13.14,0.42,629.64
2010,270,41823.78,0.00,351.87,0.00,16.28,2.07,709.05
2010,271,41612.46,0.00,228.67,0.00,13.38,6.21,948.45
2010,272,41401.37,6.18,230.76,0.00,18.70,7.26,1019.29
2010,273,41190.53,0.00,302.18,0.00,18.02,6.76,985.03
2010,274,40979.97,2.41,218.35,0.00,14.81,4.34,832.34
2010,275,40769.73,0.00,272.90,0.00,11.72,2.28,719.80
2010,276,40559.84,0.00,322.35,0.00,13.09,-0.05,608.66
2010,277,40350.33,0.00,334.69,0.00,15.52,0.25,621.69
2010,278,40141.23,0.00,332.33,0.00,18.18,2.18,714.45
2010,279,39932.59,0.00,318.63,0.00,20.29,5.01,872.59
2010,280,39724.43,0.00,288.44,0.00,18.77,6.06,938.61
2010,281,39516.79,0.00,303.00,0.00,22.67,7.45,1032.70
2010,282,39309.71,0.00,257.81,0.00,18.37,7.17,1013.03
2010,283,39103.22,0.00,279.86,0.00,19.13,5.91,928.70
2010,284,38897.37,0.00,244.59,0.00,14.64,4.13,820.50
2010,285,38692.20,0.00,290.01,0.00,17.42,2.72,742.43
2010,286,38487.73,0.00,279.96,0.00,17.35,3.23,769.88
2010,287,38284.03,0.00,241.82,0.00,15.48,4.36,833.91
2010,288,38081.12,0.00,206.79,0.00,13.65,4.65,851.15
2010,289,37879.05,0.00,284.63,0.00,17.60,1.59,685.25
2010,290,37677.88,0.00,247.06,0.00,13.18,1.05,658.97
2010,291,37477.63,0.00,251.95,0.00,12.27,-0.52,587.94
2010,292,37278.37,0.00,197.34,0.00,11.67,2.60,736.54
2010,293,37080.14,0.00,218.68,0.00,13.14,2.54,733.11
2010,294,36882.99,0.00,207.19,0.00,9.01,-0.65,582.35
2010,295,36686.98,0.00,223.04,0.00,12.20,1.09,660.64
2010,296,36492.15,0.00,191.36,0.00,11.14,1.94,702.36
2010,297,36298.56,3.85,61.93,0.00,9.90,6.25,951.10
2010,298,36106.26,5.33,72.31,0.00,12.83,8.41,1102.78
2010,299,35915.32,30.91,109.63,0.00,14.10,7.15,1011.54
2010,300,35725.80,8.21,67.16,0.00,7.20,3.32,774.99
2010,301,35537.74,0.00,119.47,0.00,5.99,0.69,642.02
2010,302,35351.21,0.00,173.41,0.00,6.42,-1.77,536.54
2010,303,35166.29,0.00,152.09,0.00,7.52,0.45,631.02
2010,304,34983.02,0.00,191.37,0.00,7.25,-2.34,514.20
2010,305,34801.48,0.00,205.50,0.00,9.04,-2.04,525.87
2010,306,34621.74,2.23,147.48,0.00,10.86,0.27,622.62
2010,307,34443.86,0.00,178.63,0.00,10.89,1.61,686.07
2010,308,34267.91,0.00,164.28,0.00,7.22,-0.86,573.57
2010,309,34093.96,0.00,190.17,0.00,4.44,-5.38,409.12
2010,310,33922.09,0.00,205.15,0.00,9.39,-2.44,510.63
2010,311,33752.37,0.00,196.38,0.00,10.70,-0.49,589.29
2010,312,33584.88,0.00,181.27,0.00,12.63,2.48,730.23
2010,313,33419.69,0.00,158.02,0.00,12.52,4.17,822.74
2010,314,33256.88,0.00,137.47,0.00,13.34,6.24,950.29
2010,315,33096.53,0.00,153.72,0.00,12.07,3.98,811.68
2010,316,32938.72,0.00,160.19,0.00,8.03,-0.31,597.28
2010,317,32783.52,14.01,86.02,0.00,5.41,-0.02,609.94
2010,318,32631.02,6.15,40.03,0.00,2.04,-0.24,600.07
2010,319,32481.31,0.00,108.19,0.00,3.41,-1.51,546.96
2010,320,32334.45,0.00,115.77,0.00,4.30,-1.01,567.29
2010,321,32190.55,0.00,104.80,0.00,3.14,-1.53,546.07
2010,322,32049.67,1.53,120.36,0.00,-0.10,-5.52,404.77
2010,323,31911.90,1.59,164.75,0.00,2.93,-5.65,400.96
2010,324,31777.33,1.90,192.11,1.90,-0.12,-9.57,295.80
2010,325,31646.04,7.08,128.29,1.75,2.19,-5.66,400.50
2010,326,31518.11,7.42,85.33,0.36,1.97,-2.68,501.62
2010,327,31393.62,3.41,101.24,3.77,-3.24,-8.92,311.22
2010,328,31272.66,9.74,149.49,13.51,1.83,-9.58,295.57
2010,329,31155.32,3.95,155.86,17.46,1.70,-12.22,239.47
2010,330,31041.66,1.55,198.15,19.01,-2.79,-14.83,193.38
2010,331,30931.77,0.00,145.32,19.01,-0.49,-7.60,345.08
2010,332,30825.72,0.00,186.47,19.01,3.72,-7.76,340.94
2010,333,30723.61,8.82,108.06,17.27,5.66,-1.86,532.84
2010,334,30625.49,4.92,94.46,15.61,4.25,-2.04,525.68
2010,335,30531.45,0.00,86.46,15.61,-2.05,-6.01,390.08
2010,336,30441.56,0.00,112.91,15.61,-4.52,-9.79,290.73
2010,337,30355.88,0.00,125.90,15.61,-5.04,-11.04,263.21
2010,338,30274.49,0.00,130.08,15.61,-2.25,-8.61,319.06
2010,339,30197.44,0.00,100.22,15.61,-5.00,-9.57,295.76
2010,340,30124.81,0.00,110.21,15.61,-7.63,-12.64,231.44
2010,341,30056.65,0.00,132.16,15.61,-7.26,-13.51,215.52
2010,342,29993.02,0.00,156.42,15.61,-6.47,-14.63,196.69
2010,343,29933.97,4.92,137.55,20.53,-2.08,-14.71,195.35
2010,344,29879.55,1.33,160.59,21.86,-3.13,-12.05,242.77
2010,345,29829.81,0.00,138.38,21.86,-8.04,-14.93,191.85
2010,346,29784.79,0.00,137.26,21.86,-10.93,-17.70,152.11
2010,347,29744.53,0.00,162.54,21.86,-10.88,-20.06,124.26
2010,348,29709.07,0.00,163.38,21.86,-8.11,-17.75,151.40
2010,349,29678.43,0.00,184.12,21.86,-5.22,-20.43,120.28
2010,350,29652.65,0.00,173.12,21.86,-3.31,-15.54,182.40
2010,351,29631.74,1.90,89.24,23.76,-5.28,-9.79,290.64
2010,352,29615.73,0.00,100.41,23.76,-4.03,-9.21,304.22
2010,353,29604.64,0.00,133.43,23.76,-3.34,-10.77,268.94
2010,354,29598.46,0.00,148.10,23.76,-1.25,-10.07,284.33
2010,355,29597.20,5.33,90.56,29.08,0.04,-6.46,376.77
2010,356,29600.88,0.00,117.62,29.08,-1.17,-7.45,349.02
2010,357,29609.47,0.00,93.39,29.08,-2.81,-7.55,346.55
2010,358,29622.99,0.00,115.58,29.08,-1.30,-7.30,353.14
2010,359,29641.40,0.00,127.49,29.08,-3.00,-9.59,295.35
2010,360,29664.71,0.00,163.25,29.08,-2.96,-12.75,229.40
2010,361,29692.88,0.00,153.40,29.08,-0.76,-9.49,297.69
2010,362,29725.89,0.00,168.82,29.08,1.64,-9.07,307.69
2010,363,29763.71,0.00,162.74,29.01,4.16,-5.83,395.38
2010,364,29806.31,9.57,72.22,27.04,3.41,-1.30,555.36
2010,365,29853.66,4.41,120.34,31.45,1.41,-8.01,334.17
2011,1,29905.94,1.88,138.59,12.11,-4.14,-11.94,244.79
2011,2,29962.66,0.00,128.20,12.11,-8.17,-15.06,189.75
2011,3,30023.99,0.00,150.13,12.11,-8.05,-16.65,166.20
2011,4,30089.87,0.00,148.45,12.11,-8.23,-16.57,167.31
2011,5,30160.26,2.67,117.26,14.78,-5.45,-14.43,199.85
2011,6,30235.08,1.24,101.16,16.02,-10.08,-15.03,190.24
2011,7,30314.29,2.65,52.12,18.67,-11.53,-14.76,194.46
2011,8,30397.81,0.00,167.14,18.67,-6.06,-15.64,180.86
2011,9,30485.59,0.00,176.52,18.67,-5.26,-15.80,178.49
2011,10,30577.55,0.00,175.46,18.67,-4.41,-14.60,197.09
2011,11,30673.62,0.00,110.43,18.67,-4.24,-9.47,298.07
2011,12,30773.72,0.00,126.19,18.67,-4.29,-10.34,278.26
2011,13,30877.80,2.87,80.65,21.54,-5.99,-10.92,265.77
2011,14,30985.75,4.36,101.01,25.90,-4.54,-10.89,266.34
2011,15,31097.52,2.69,137.98,28.59,-8.26,-18.09,147.08
2011,16,31213.02,3.16,139.78,31.75,-9.21,-18.97,136.51
2011,17,31332.17,5.71,139.20,37.46,-5.24,-14.76,194.52
2011,18,31454.88,0.00,152.51,37.46,-10.11,-16.95,162.00
2011,19,31581.09,1.79,190.63,39.25,-9.52,-18.94,136.80
2011,20,31710.69,3.31,146.69,42.56,-11.99,-21.59,108.71
2011,21,31843.62,3.80,153.78,46.36,-14.84,-25.07,79.70
2011,22,31979.79,0.00,213.77,46.36,-12.19,-23.10,95.07
2011,23,32119.11,2.73,183.09,49.09,-7.64,-25.32,77.85
2011,24,32261.50,1.57,228.85,50.66,-5.23,-17.57,153.72
2011,25,32406.88,0.00,201.39,50.66,-4.43,-13.48,216.18
2011,26,32555.16,0.75,181.63,51.41,-4.88,-12.41,235.69
2011,27,32706.26,0.00,169.42,51.41,-2.33,-9.11,306.64
2011,28,32860.11,2.83,146.86,54.24,-7.04,-15.04,190.00
2011,29,33016.61,2.18,133.95,56.42,-6.60,-13.50,215.73
2011,30,33175.69,0.00,173.85,56.42,-10.02,-16.53,167.88
2011,31,33337.27,0.00,217.68,56.42,-9.56,-18.42,143.06
2011,32,33501.27,0.00,233.79,56.42,-8.71,-18.68,139.96
2011,33,33667.61,0.00,246.01,56.42,-6.33,-17.23,158.21
2011,34,33836.22,0.00,237.65,56.42,-2.87,-12.87,227.17
2011,35,34007.01,3.57,137.58,59.99,0.39,-6.26,382.66
2011,36,34179.92,0.00,169.50,59.72,0.58,-5.37,409.57
2011,37,34354.86,0.00,159.40,59.72,-4.13,-9.54,296.45
2011,38,34531.78,0.00,223.57,59.72,-10.87,-18.90,137.35
2011,39,34710.60,0.00,295.54,59.72,-6.97,-21.69,107.80
2011,40,34891.24,0.00,229.69,59.72,-12.09,-20.16,123.19
2011,41,35073.64,0.00,280.82,59.72,-9.57,-21.16,112.85
2011,42,35257.74,0.00,313.63,59.72,-5.32,-22.28,102.25
2011,43,35443.47,0.00,314.19,59.72,-1.23,-17.92,149.29
2011,44,35630.76,0.00,272.97,59.72,3.13,-8.15,330.54
2011,45,35819.55,0.00,210.66,59.72,-0.39,-7.73,341.57
2011,46,36009.79,0.00,231.45,59.04,3.89,-4.37,441.78
2011,47,36201.40,0.00,317.65,58.46,11.21,-4.63,433.20
2011,48,36394.35,0.00,241.26,56.51,7.46,-1.34,553.62
2011,49,36588.56,0.00,254.43,56.51,-1.63,-10.60,272.66
2011,50,36783.98,0.00,257.57,56.51,-6.05,-14.90,192.29
2011,51,36980.57,0.00,187.50,56.51,-6.32,-12.09,242.00
2011,52,37178.26,0.00,202.10,56.51,-5.19,-11.31,257.51
2011,53,37377.01,0.00,299.48,56.51,-1.71,-11.89,245.84
2011,54,37576.76,4.41,195.23,60.92,-1.11,-9.02,308.81
2011,55,37777.47,0.00,290.51,60.92,-2.65,-11.74,248.89
2011,56,37979.09,0.00,284.91,60.92,-9.31,-17.85,150.14
2011,57,38181.58,0.55,310.52,61.47,-10.24,-19.92,125.72
2011,58,38384.89,0.00,359.61,61.47,-4.73,-17.86,150.11
2011,59,38588.98,0.00,377.39,61.47,-2.82,-17.93,149.22
2011,60,38793.80,0.00,386.81,61.47,2.24,-14.45,199.64
2011,61,38999.32,1.20,351.63,62.67,-7.25,-19.31,132.55
2011,62,39205.49,0.77,350.59,63.44,-2.87,-14.76,194.56
2011,63,39412.27,0.00,258.01,63.44,-0.75,-8.11,331.68
2011,64,39619.63,0.00,260.29,63.44,-4.62,-11.83,246.98
2011,65,39827.53,5.05,284.97,68.49,-3.24,-16.26,171.73
2011,66,40035.94,5.55,196.23,74.04,-1.91,-9.10,306.90
2011,67,40244.81,0.00,293.94,74.04,0.49,-7.85,338.54
2011,68,40454.11,0.00,307.87,74.04,2.15,-6.65,371.47
2011,69,40663.82,0.00,322.57,73.94,3.39,-5.75,397.77
2011,70,40873.89,0.00,399.38,73.94,3.75,-9.48,297.88
2011,71,41084.29,2.63,172.97,73.44,1.03,-4.82,427.18
2011,72,41294.99,0.00,199.09,73.17,-0.63,-5.36,409.99
2011,73,41505.96,0.00,404.76,73.17,4.74,-7.31,352.84
2011,74,41717.17,1.14,379.66,72.43,6.27,-4.24,444.59
2011,75,41928.59,0.00,338.84,70.78,6.67,-2.06,525.03
2011,76,42140.18,4.78,239.05,68.72,6.85,-1.09,564.00
2011,77,42351.92,5.05,171.60,68.01,0.71,-4.32,443.53
2011,78,42563.78,0.00,372.63,68.01,3.13,-6.11,386.99
2011,79,42775.73,7.25,178.22,66.39,3.00,-2.14,522.04
2011,80,42987.73,0.00,289.36,64.26,5.46,-0.93,570.44
2011,81,43199.77,0.04,184.72,63.42,-0.26,-4.01,454.10
2011,82,43411.80,0.00,283.40,63.42,-3.27,-9.18,305.13
2011,83,43623.81,0.00,389.04,63.42,-3.71,-12.53,233.49
2011,84,43835.75,0.00,443.33,63.42,-3.45,-14.53,198.23
2011,85,44047.61,0.00,423.04,63.42,-3.71,-13.70,212.31
2011,86,44259.35,0.00,482.19,63.42,-1.56,-14.93,191.75
2011,87,44470.95,0.00,490.81,63.42,2.24,-11.95,239.09
2011,88,44682.37,0.00,492.66,63.42,4.80,-9.37,273.22
2011,89,44893.58,0.00,483.17,63.42,4.90,-8.14,300.91
2011,90,45104.55,0.00,469.85,63.42,5.20,-6.62,338.76
2011,91,45315.25,0.00,434.55,62.90,5.21,-4.74,387.37
2011,92,45525.65,0.00,469.33,61.55,8.73,-2.79,405.38
2011,93,45735.72,19.36,234.28,59.84,4.26,-1.94,529.91
2011,94,45945.43,11.32,170.61,57.91,2.87,-1.39,551.57
2011,95,46154.73,0.00,433.12,57.02,5.47,-3.89,456.11
2011,96,46363.61,0.00,399.13,55.71,5.33,-2.88,494.05
2011,97,46572.01,0.00,512.20,54.70,9.85,-3.60,410.05
2011,98,46779.91,0.00,495.39,52.61,11.39,-1.01,486.05
2011,99,46987.28,0.00,454.66,49.55,11.70,1.29,590.92
2011,100,47194.06,18.79,356.64,46.44,12.79,1.40,651.22
2011,101,47400.23,0.00,482.89,43.16,13.66,1.80,626.05
2011,102,47605.75,0.00,525.55,40.56,15.31,0.20,530.05
2011,103,47810.57,0.00,507.62,38.19,13.04,-0.37,527.48
2011,104,48014.66,0.00,440.23,38.08,3.92,-5.74,398.27
2011,105,48217.97,8.72,300.20,37.21,4.44,-3.92,457.04
2011,106,48420.46,9.29,208.52,36.16,1.78,-3.50,471.61
2011,107,48622.09,0.00,241.15,35.59,-0.19,-4.65,432.63
2011,108,48822.80,0.00,436.42,35.59,1.17,-7.92,336.49
2011,109,49022.56,0.00,459.94,35.59,3.05,-6.95,362.86
2011,110,49221.31,0.00,457.83,34.83,5.89,-4.18,438.83
2011,111,49419.00,0.00,476.82,33.08,9.24,-1.84,488.99
2011,112,49615.59,9.87,307.97,30.68,8.58,-0.28,598.28
2011,113,49811.01,5.62,299.49,28.21,8.38,-0.12,605.42
2011,114,50005.23,0.00,542.14,26.13,13.91,-1.06,477.88
2011,115,50198.17,0.00,536.25,23.36,15.38,0.60,527.52
2011,116,50389.80,10.11,266.37,20.27,8.71,1.37,674.08
2011,117,50580.04,4.13,165.60,17.81,3.96,-0.15,603.93
2011,118,50768.83,0.00,501.41,15.00,12.53,0.68,585.95
2011,119,50956.13,0.00,542.53,12.73,13.62,-0.60,506.63
2011,120,51141.86,12.66,352.82,9.28,12.85,2.23,716.96
2011,121,51325.96,0.00,302.93,6.06,7.42,1.67,688.77
2011,122,51508.36,0.00,335.02,3.83,5.59,-0.70,580.18
2011,123,51689.01,0.00,531.67,2.70,9.64,-3.31,448.85
2011,124,51867.83,0.00,562.93,0.51,15.38,-0.79,495.80
2011,125,52044.75,5.53,309.87,0.00,12.60,2.27,719.12
2011,126,52219.70,0.00,369.42,0.00,11.71,2.98,756.69
2011,127,52392.61,0.00,446.93,0.00,12.31,0.72,623.51
2011,128,52563.41,0.00,474.43,0.00,15.59,2.31,663.56
2011,129,52732.02,5.96,299.51,0.00,15.68,5.83,923.86
2011,130,52898.37,0.00,338.33,0.00,14.92,7.17,1013.15
2011,131,53062.37,0.00,456.26,0.00,19.93,7.49,940.72
2011,132,53223.96,0.00,453.72,0.00,18.75,6.72,901.06
2011,133,53383.04,1.95,243.90,0.00,10.48,5.48,901.69
2011,134,53539.55,0.00,441.50,0.00,15.54,4.65,810.86
2011,135,53693.40,0.00,401.74,0.00,11.88,2.70,741.67
2011,136,53844.51,0.00,469.80,0.00,12.35,0.25,597.52
2011,137,53992.80,0.00,502.96,0.00,15.23,0.53,579.48
2011,138,54138.19,0.00,493.89,0.00,18.53,3.96,720.97
2011,139,54280.58,0.00,463.23,0.00,19.94,7.01,901.43
2011,140,54419.91,0.00,487.50,0.00,23.57,8.55,951.99
2011,141,54556.08,16.29,275.24,0.00,18.84,9.75,1207.30
2011,142,54689.02,9.90,301.09,0.00,19.43,9.08,1153.63
2011,143,54818.63,4.86,289.34,0.00,16.42,6.87,992.42
2011,144,54944.84,0.00,346.28,0.00,11.23,3.35,776.72
2011,145,55067.57,0.00,475.01,0.00,13.16,0.52,631.29
2011,146,55186.72,0.00,414.46,0.00,9.18,-0.70,580.51
2011,147,55302.23,0.00,498.49,0.00,13.17,-1.22,548.70
2011,148,55414.01,10.05,314.80,0.00,14.01,3.45,782.25
2011,149,55521.97,0.00,468.57,0.00,18.01,4.99,849.75
2011,150,55626.05,11.94,244.03,0.00,14.98,7.46,1033.50
2011,151,55726.17,7.21,358.05,0.00,23.32,8.78,1130.40
2011,152,55822.25,0.00,361.15,0.00,16.22,7.37,1027.10
2011,153,55914.21,0.00,475.99,0.00,16.60,3.12,763.94
2011,154,56002.00,5.65,359.65,0.00,21.82,7.45,1032.80
2011,155,56085.53,0.00,505.72,0.00,25.02,8.00,1010.96
2011,156,56164.75,2.34,334.42,0.00,19.80,7.25,1018.94
2011,157,56239.59,2.91,363.73,0.00,22.09,6.92,995.78
2011,158,56309.98,3.50,335.86,0.00,21.93,8.94,1142.60
2011,159,56375.87,0.00,431.17,0.00,20.90,8.76,1128.91
2011,160,56437.21,0.00,358.48,0.00,13.57,4.66,851.34
2011,161,56493.94,0.00,280.14,0.00,11.37,4.85,863.08
2011,162,56546.02,0.00,405.81,0.00,16.48,5.99,933.84
2011,163,56593.39,0.00,512.68,0.00,19.97,3.03,729.35
2011,164,56636.02,0.00,498.29,0.00,22.39,6.00,890.82
2011,165,56673.88,0.00,456.84,0.00,22.41,8.45,1079.53
2011,166,56706.92,0.00,402.93,0.00,20.22,8.96,1144.63
2011,167,56735.12,0.00,336.76,0.00,18.02,9.36,1175.63
2011,168,56758.46,0.00,458.67,0.00,21.37,7.73,1015.93
2011,169,56776.91,1.55,294.24,0.00,18.50,11.16,1326.27
2011,170,56790.45,11.13,231.39,0.00,15.06,7.66,1047.70
2011,171,56799.08,0.00,344.52,0.00,18.14,9.54,1190.23
2011,172,56802.79,15.18,194.11,0.00,17.13,11.02,1313.55
2011,173,56801.57,36.26,152.39,0.00,14.49,9.91,1219.87
2011,174,56795.42,4.99,161.62,0.00,13.87,9.06,1151.85
2011,175,56784.35,0.00,485.45,0.00,23.83,8.84,1134.91
2011,176,56768.38,0.00,493.04,0.00,24.08,8.30,1094.63
2011,177,56747.50,0.00,449.96,0.00,22.57,9.69,1202.36
2011,178,56721.75,10.00,260.15,0.00,20.32,11.63,1368.41
2011,179,56691.15,0.00,396.24,0.00,20.74,10.45,1265.05
2011,180,56655.72,0.00,458.88,0.00,20.95,7.81,1058.46
2011,181,56615.49,0.00,464.29,0.00,23.41,9.60,1194.73
2011,182,56570.50,14.92,330.12,0.00,26.72,13.45,1541.94
2011,183,56520.79,0.00,448.14,0.00,27.03,13.26,1522.84
2011,184,56466.40,0.00,458.74,0.00,25.28,11.27,1335.90
2011,185,56407.38,14.41,343.67,0.00,25.45,11.52,1357.83
2011,186,56343.78,0.00,459.96,0.00,28.61,13.79,1575.86
2011,187,56275.65,0.00,460.22,0.00,26.59,12.24,1423.68
2011,188,56203.05,3.50,345.44,0.00,26.19,11.84,1387.08
2011,189,56126.03,0.00,401.04,0.00,23.51,12.45,1444.26
2011,190,56044.67,15.55,282.52,0.00,21.97,11.95,1397.35
2011,191,55959.02,0.00,456.53,0.00,28.02,13.20,1516.71
2011,192,55869.15,0.00,417.18,0.00,28.20,15.36,1744.25
2011,193,55775.14,0.00,399.36,0.00,22.95,11.82,1385.44
2011,194,55677.05,0.00,357.54,0.00,19.03,9.94,1222.13
2011,195,55574.96,0.00,414.86,0.00,19.95,8.79,1131.12
2011,196,55468.94,3.15,239.93,0.00,20.77,12.79,1476.15
2011,197,55359.08,0.00,419.59,0.00,28.03,15.42,1750.73
2011,198,55245.44,0.00,414.78,0.00,31.36,18.24,2094.16
2011,199,55128.12,0.00,372.53,0.00,28.34,17.55,2005.89
2011,200,55007.18,14.77,299.33,0.00,28.39,16.38,1861.33
2011,201,54882.72,36.92,299.62,0.00,29.21,16.90,1924.64
2011,202,54754.81,0.00,382.41,0.00,28.14,16.60,1888.14
2011,203,54623.54,0.00,391.72,0.00,27.55,15.51,1761.44
2011,204,54488.99,0.00,295.17,0.00,20.40,12.48,1446.61
2011,205,54351.25,0.00,283.74,0.00,19.61,12.21,1421.00
2011,206,54210.39,0.00,461.89,0.00,26.90,11.28,1336.22
2011,207,54066.50,0.00,393.92,0.00,22.68,11.31,1338.99
2011,208,53919.67,1.41,283.17,0.00,20.06,12.65,1463.11
2011,209,53769.97,0.00,390.75,0.00,26.19,14.39,1638.59
2011,210,53617.49,0.00,367.64,0.00,26.93,15.99,1815.85
2011,211,53462.31,2.33,285.96,0.00,26.45,15.06,1710.95
2011,212,53304.51,0.00,376.36,0.00,25.98,14.88,1691.75
2011,213,53144.18,8.29,332.35,0.00,28.17,13.26,1522.29
2011,214,52981.38,5.15,234.65,0.00,24.48,15.87,1802.36
2011,215,52816.21,0.00,407.12,0.00,27.54,14.84,1687.43
2011,216,52648.73,0.00,425.94,0.00,27.01,13.42,1539.00
2011,217,52479.03,0.00,408.09,0.00,28.32,15.38,1747.04
2011,218,52307.17,0.00,324.36,0.00,25.91,16.85,1917.79
2011,219,52133.24,0.00,343.55,0.00,24.62,15.05,1710.40
2011,220,51957.31,6.98,296.19,0.00,24.16,12.56,1453.95
2011,221,51779.44,2.37,282.97,0.00,22.53,11.94,1396.25
2011,222,51599.70,0.00,405.77,0.00,23.90,11.86,1388.59
2011,223,51418.18,0.00,419.11,0.00,25.12,12.09,1410.29
2011,224,51234.92,4.30,275.62,0.00,23.23,12.74,1471.80
2011,225,51050.00,0.00,310.40,0.00,21.66,13.36,1532.29
2011,226,50863.49,0.00,375.30,0.00,22.52,11.71,1374.96
2011,227,50675.44,0.00,397.43,0.00,25.36,13.08,1504.88
2011,228,50485.92,4.83,267.20,0.00,25.58,15.10,1715.66
2011,229,50294.99,0.00,372.25,0.00,25.55,14.33,1632.60
2011,230,50102.71,9.25,305.65,0.00,25.29,12.30,1429.43
2011,231,49909.13,0.00,366.47,0.00,25.06,14.04,1601.74
2011,232,49714.30,3.26,270.62,0.00,22.13,11.70,1373.99
2011,233,49518.30,0.74,351.35,0.00,20.23,10.37,1257.99
2011,234,49321.15,0.00,411.35,0.00,22.01,8.94,1142.86
2011,235,49122.93,0.00,400.23,0.00,25.10,11.88,1390.55
2011,236,48923.68,3.18,213.13,0.00,22.86,14.86,1689.33
2011,237,48723.44,0.00,369.98,0.00,22.51,11.25,1333.63
2011,238,48522.27,2.67,298.83,0.00,25.65,12.13,1414.26
2011,239,48320.21,0.00,373.73,0.00,22.02,10.31,1253.41
2011,240,48117.31,0.00,401.70,0.00,23.06,9.50,1186.83
2011,241,47913.61,0.00,397.60,0.00,23.21,9.68,1201.10
2011,242,47709.15,0.00,359.76,0.00,22.21,10.72,1288.18
2011,243,47503.98,2.28,125.26,0.00,18.31,13.81,1578.13
2011,244,47298.13,0.00,364.59,0.00,27.13,14.59,1659.94
2011,245,47091.65,0.00,317.73,0.00,25.85,15.71,1783.68
2011,246,46884.57,0.00,329.14,0.00,22.57,12.36,1435.77
2011,247,46676.94,0.00,261.17,0.00,17.25,10.01,1228.51
2011,248,46468.78,0.00,305.01,0.00,14.57,5.98,933.13
2011,249,46260.14,0.00,411.22,0.00,18.23,3.62,791.71
2011,250,46051.05,0.00,411.85,0.00,21.96,6.25,950.76
2011,251,45841.54,0.00,373.59,0.00,23.97,10.51,1269.81
2011,252,45631.65,0.00,379.29,0.00,27.40,12.51,1450.06
2011,253,45421.41,0.00,356.16,0.00,24.66,11.75,1378.77
2011,254,45210.86,0.00,389.68,0.00,29.18,12.19,1419.11
2011,255,45000.02,0.00,394.37,0.00,26.95,9.59,1194.01
2011,256,44788.92,1.97,321.79,0.00,18.79,7.69,1049.63
2011,257,44577.61,1.51,259.07,0.00,12.11,4.09,818.07
2011,258,44366.10,0.00,302.11,0.00,12.28,2.49,730.33
2011,259,44154.43,0.00,362.52,0.00,14.16,0.82,647.97
2011,260,43942.62,0.00,372.04,0.00,15.94,1.45,678.07
2011,261,43730.72,11.55,196.99,0.00,15.23,6.58,972.61
2011,262,43518.74,0.00,329.09,0.00,19.32,6.95,998.23
2011,263,43306.71,10.17,231.27,0.00,18.20,6.94,997.19
2011,264,43094.68,5.74,189.44,0.00,15.28,6.79,986.83
2011,265,42882.65,1.75,175.84,0.00,10.76,5.30,890.38
2011,266,42670.67,0.00,183.87,0.00,11.97,6.17,945.73
2011,267,42458.77,0.00,256.14,0.00,13.57,5.01,872.64
2011,268,42246.96,0.00,287.17,0.00,16.65,6.44,963.48
2011,269,42035.29,0.00,340.51,0.00,20.83,6.38,959.72
2011,270,41823.78,0.00,265.36,0.00,20.39,10.66,1282.81
2011,271,41612.46,0.00,199.89,0.00,18.26,11.48,1354.61
2011,272,41401.37,7.16,147.95,0.00,15.34,8.84,1134.98
2011,273,41190.53,0.00,187.56,0.00,10.61,4.57,845.90
2011,274,40979.97,0.00,308.12,0.00,11.55,-0.10,606.08
2011,275,40769.73,0.00,333.36,0.00,16.49,1.82,696.46
2011,276,40559.84,0.00,319.48,0.00,18.06,4.03,814.69
2011,277,40350.33,0.00,311.86,0.00,19.82,5.67,913.30
2011,278,40141.23,0.00,263.29,0.00,18.49,7.71,1051.45
2011,279,39932.59,0.00,294.77,0.00,22.25,8.56,1113.54
2011,280,39724.43,0.00,290.74,0.00,23.68,9.84,1213.89
2011,281,39516.79,0.00,260.25,0.00,24.94,13.04,1500.94
2011,282,39309.71,0.00,201.35,0.00,20.44,12.39,1438.70
2011,283,39103.22,0.00,260.86,0.00,20.85,9.31,1172.04
2011,284,38897.37,0.00,264.95,0.00,20.85,8.94,1143.07
2011,285,38692.20,3.38,187.37,0.00,19.60,8.87,1137.14
2011,286,38487.73,23.02,110.52,0.00,15.44,9.99,1226.14
2011,287,38284.03,10.93,74.25,0.00,10.79,7.34,1025.00
2011,288,38081.12,0.00,101.66,0.00,9.74,6.23,949.81
2011,289,37879.05,0.00,158.22,0.00,10.61,4.98,870.82
2011,290,37677.88,1.44,99.55,0.00,8.50,5.19,883.62
2011,291,37477.63,0.00,127.47,0.00,8.11,3.79,801.04
2011,292,37278.37,0.00,200.61,0.00,9.37,2.09,710.13
2011,293,37080.14,0.00,190.88,0.00,8.69,1.85,698.01
2011,294,36882.99,0.00,224.24,0.00,9.64,0.92,652.98
2011,295,36686.98,0.00,248.31,0.00,11.85,0.92,652.64
2011,296,36492.15,3.69,190.83,0.00,11.80,-0.19,602.38
2011,297,36298.56,0.00,207.11,0.00,8.96,0.50,633.34
2011,298,36106.26,0.00,212.46,0.00,7.67,-1.19,560.00
2011,299,35915.32,0.00,220.79,0.00,8.76,-0.77,577.55
2011,300,35725.80,0.00,210.65,0.00,7.56,-1.40,551.33
2011,301,35537.74,2.34,164.35,0.00,8.19,-1.68,539.94
2011,302,35351.21,0.00,201.85,0.00,7.95,-0.96,569.23
2011,303,35166.29,0.00,210.41,0.00,8.70,-1.18,560.21
2011,304,34983.02,0.00,137.31,0.00,8.22,2.57,734.68
2011,305,34801.48,0.00,172.55,0.00,11.10,3.55,787.71
2011,306,34621.74,0.00,176.58,0.00,9.56,1.87,698.96
2011,307,34443.86,0.00,221.84,0.00,9.25,-2.22,518.80
2011,308,34267.91,0.00,226.15,0.00,10.20,-2.37,513.11
2011,309,34093.96,0.00,205.82,0.00,11.41,0.89,651.42
2011,310,33922.09,0.00,172.83,0.00,11.66,3.68,794.67
2011,311,33752.37,0.00,92.60,0.00,7.26,3.55,787.73
2011,312,33584.88,0.00,170.65,0.00,6.34,-1.34,553.59
2011,313,33419.69,1.39,134.70,0.00,3.54,-2.03,526.40
2011,314,33256.88,0.00,110.22,0.00,4.14,-0.27,598.71
2011,315,33096.53,0.00,151.94,0.00,4.50,-1.99,527.89
2011,316,32938.72,0.00,193.75,0.00,9.29,-1.02,566.68
2011,317,32783.52,0.00,180.70,0.00,10.08,0.63,639.28
2011,318,32631.02,0.00,185.53,0.00,9.04,-1.28,556.16
2011,319,32481.31,1.67,146.97,0.00,6.12,-1.01,567.45
2011,320,32334.45,0.00,87.66,0.00,0.92,-2.97,490.74
2011,321,32190.55,0.00,119.60,0.00,-0.70,-6.27,382.50
2011,322,32049.67,0.00,144.23,0.00,-0.14,-7.32,352.69
2011,323,31911.90,0.00,149.89,0.00,0.50,-7.25,354.63
2011,324,31777.33,0.00,122.10,0.00,-4.33,-10.20,281.40
2011,325,31646.04,0.00,171.76,0.00,0.31,-9.74,291.80
2011,326,31518.11,0.00,164.81,0.00,2.13,-7.36,351.69
2011,327,31393.62,0.00,149.48,0.00,6.04,-2.37,513.15
2011,328,31272.66,0.00,162.60,0.00,9.93,-0.35,595.21
2011,329,31155.32,0.00,136.00,0.00,7.77,0.15,617.31
2011,330,31041.66,7.88,65.49,0.00,4.09,-0.26,599.05
2011,331,30931.77,0.00,55.51,0.00,-0.07,-2.66,502.32
2011,332,30825.72,0.00,115.77,0.00,2.56,-3.40,475.35
2011,333,30723.61,0.00,113.46,0.00,0.69,-5.05,419.67
2011,334,30625.49,0.00,164.22,0.00,2.10,-8.83,313.45
2011,335,30531.45,0.00,128.29,0.00,-3.02,-9.97,286.62
2011,336,30441.56,0.00,172.40,0.00,1.43,-12.58,232.56
2011,337,30355.88,0.00,143.42,0.00,2.23,-6.60,372.79
2011,338,30274.49,0.00,145.93,0.00,0.29,-8.80,314.14
2011,339,30197.44,0.00,91.03,0.00,-6.73,-11.34,257.05
2011,340,30124.81,0.96,158.38,0.96,-3.70,-12.39,236.08
2011,341,30056.65,0.00,156.67,0.96,0.01,-8.92,311.35
2011,342,29993.02,0.00,104.88,0.96,-6.06,-11.07,262.55
2011,343,29933.97,0.00,136.22,0.96,-8.13,-15.14,188.47
2011,344,29879.55,0.00,175.67,0.96,-2.65,-14.88,192.57
2011,345,29829.81,0.00,179.76,0.96,6.01,-9.25,303.38
2011,346,29784.79,0.00,136.58,0.96,1.75,-6.05,388.77
2011,347,29744.53,0.00,71.90,0.00,1.42,-2.59,504.76
2011,348,29709.07,5.11,43.96,0.00,2.47,-0.70,580.19
2011,349,29678.43,2.39,82.66,0.00,2.04,-4.50,437.61
2011,350,29652.65,0.00,94.07,0.00,-6.78,-12.01,243.50
2011,351,29631.74,4.56,130.80,4.56,-3.31,-16.34,170.53
2011,352,29615.73,0.00,170.08,4.56,2.73,-10.07,284.22
2011,353,29604.64,0.00,101.52,4.56,-0.65,-6.01,389.92
2011,354,29598.46,0.00,131.62,4.56,0.86,-6.72,369.37
2011,355,29597.20,0.00,94.40,3.64,1.13,-3.80,461.25
2011,356,29600.88,0.99,89.32,4.63,-3.40,-7.87,337.82
2011,357,29609.47,2.55,98.40,7.17,-2.26,-9.41,299.50
2011,358,29622.99,0.00,120.19,6.98,0.79,-5.54,404.40
2011,359,29641.40,0.00,95.66,5.86,1.43,-3.33,477.71
2011,360,29664.71,0.00,139.79,3.88,6.82,-1.30,555.48
2011,361,29692.88,0.00,161.37,3.88,-0.71,-11.02,263.63
2011,362,29725.89,6.90,126.99,10.78,-3.63,-14.96,191.40
2011,363,29763.71,0.00,144.37,10.78,-2.02,-10.33,278.60
2011,364,29806.31,0.00,88.94,10.70,-1.39,-5.80,396.37
2011,365,29853.66,7.17,81.41,10.23,0.64,-4.88,425.23
2012,1,29905.94,3.23,82.41,5.22,-0.35,-6.40,378.56
2012,2,29962.66,0.00,108.71,5.22,-6.85,-12.68,230.70
2012,3,30023.99,0.00,187.68,5.22,-3.70,-19.95,125.47
2012,4,30089.87,0.00,180.48,5.22,0.28,-13.35,218.48
2012,5,30160.26,0.00,171.44,5.22,3.62,-8.13,331.19
2012,6,30235.08,1.62,169.54,5.12,5.63,-5.77,397.37
2012,7,30314.29,1.39,61.49,4.82,-2.27,-5.29,411.97
2012,8,30397.81,0.00,132.14,4.67,1.55,-5.64,401.27
2012,9,30485.59,0.00,163.30,3.96,5.72,-4.31,443.90
2012,10,30577.55,0.00,135.32,2.11,5.82,-1.59,543.67
2012,11,30673.62,3.12,106.70,2.02,1.85,-5.80,396.43
2012,12,30773.72,0.00,66.45,2.02,-8.79,-11.84,246.80
2012,13,30877.80,0.00,76.70,2.02,-10.68,-14.20,203.68
2012,14,30985.75,1.23,149.09,3.25,-6.50,-14.10,205.47
2012,15,31097.52,0.00,187.92,3.25,-0.21,-11.55,252.60
2012,16,31213.02,0.00,175.53,3.25,0.39,-9.26,303.01
2012,17,31332.17,0.00,99.60,3.25,-9.56,-14.02,206.68
2012,18,31454.88,1.83,184.71,5.07,-8.74,-18.59,140.97
2012,19,31581.09,0.00,148.29,5.07,-15.94,-22.77,97.91
2012,20,31710.69,0.00,210.20,5.07,-11.69,-24.12,86.80
2012,21,31843.62,4.74,172.79,9.81,-5.13,-23.53,91.53
2012,22,31979.79,0.00,206.37,9.81,-0.09,-11.57,252.29
2012,23,32119.11,11.08,125.46,20.90,-0.63,-8.30,326.91
2012,24,32261.50,0.00,172.09,20.90,-2.63,-10.41,276.66
2012,25,32406.88,0.00,220.38,20.90,2.01,-10.04,284.98
2012,26,32555.16,0.00,119.20,19.58,2.01,-2.87,494.31
2012,27,32706.26,1.82,150.84,18.99,1.73,-4.58,434.77
2012,28,32860.11,0.00,95.26,18.99,-4.06,-7.70,342.49
2012,29,33016.61,0.00,147.98,18.99,-8.09,-13.89,208.94
2012,30,33175.69,4.45,190.06,23.44,-2.92,-17.78,151.09
2012,31,33337.27,0.00,236.82,23.44,2.98,-9.04,308.33
2012,32,33501.27,3.63,96.96,22.30,1.68,-3.27,479.81
2012,33,33667.61,0.00,143.98,20.77,3.00,-2.35,513.74
2012,34,33836.22,0.00,162.57,19.14,3.81,-2.14,522.00
2012,35,34007.01,0.00,238.37,19.14,4.23,-6.04,389.10
2012,36,34179.92,0.00,255.34,19.14,5.02,-6.69,370.22
2012,37,34354.86,0.00,238.72,19.14,1.85,-7.98,335.16
2012,38,34531.78,0.00,241.01,19.14,-4.16,-13.75,211.33
2012,39,34710.60,0.00,285.47,19.14,2.94,-12.28,238.33
2012,40,34891.24,0.00,284.43,19.14,2.11,-12.27,238.50
2012,41,35073.64,0.00,245.57,19.14,-8.47,-17.98,148.55
2012,42,35257.74,0.00,240.12,19.14,-8.63,-17.75,151.50
2012,43,35443.47,0.00,289.12,19.14,0.87,-12.89,226.80
2012,44,35630.76,0.00,297.37,19.14,0.78,-13.91,208.55
2012,45,35819.55,0.00,246.81,19.14,0.44,-9.10,307.06
2012,46,36009.79,0.00,248.44,19.14,3.12,-6.42,378.06
2012,47,36201.40,0.00,180.09,18.48,1.73,-4.43,439.95
2012,48,36394.35,0.00,150.56,18.23,-0.53,-5.39,408.81
2012,49,36588.56,0.00,242.31,18.23,-0.92,-9.42,299.27
2012,50,36783.98,0.00,323.59,18.23,2.90,-12.19,240.06
2012,51,36980.57,6.77,243.61,25.00,4.20,-10.13,283.07
2012,52,37178.26,7.53,136.86,23.92,2.19,-3.42,474.65
2012,53,37377.01,0.00,124.57,22.79,0.26,-3.32,477.97
2012,54,37576.76,0.00,147.73,22.21,-0.43,-4.62,433.43
2012,55,37777.47,3.06,158.57,25.27,-0.58,-6.62,372.22
2012,56,37979.09,0.44,236.78,25.71,-3.05,-9.87,288.90
2012,57,38181.58,9.68,208.40,35.39,-1.36,-9.70,292.74
2012,58,38384.89,0.13,274.55,35.52,-2.22,-10.35,278.15
2012,59,38588.98,0.00,342.59,35.52,0.65,-11.33,257.10
2012,60,38793.80,4.30,168.43,35.37,0.44,-5.65,400.86
2012,61,38999.32,2.75,82.59,33.86,0.25,-2.41,511.58
2012,62,39205.49,2.68,144.78,32.54,2.05,-2.85,495.25
2012,63,39412.27,0.00,274.33,32.54,-2.82,-10.09,283.94
2012,64,39619.63,0.00,322.11,32.54,-6.90,-15.93,176.52
2012,65,39827.53,0.00,410.00,32.54,-0.14,-17.26,157.90
2012,66,40035.94,0.00,385.76,32.54,5.53,-7.88,337.53
2012,67,40244.81,0.00,357.48,31.39,7.91,-3.26,480.22
2012,68,40454.11,1.41,268.67,31.36,0.94,-5.93,392.35
2012,69,40663.82,0.00,379.97,31.36,0.64,-10.82,267.96
2012,70,40873.89,0.00,418.81,31.31,9.80,-5.88,377.53
2012,71,41084.29,0.00,415.94,29.62,13.48,-1.96,479.20
2012,72,41294.99,6.30,226.92,26.85,8.52,0.59,637.60
2012,73,41505.96,0.00,359.69,23.49,12.33,2.00,689.91
2012,74,41717.17,0.00,430.22,21.10,16.14,-0.32,529.64
2012,75,41928.59,0.00,397.45,18.87,11.55,-0.68,553.04
2012,76,42140.18,0.00,432.98,16.47,15.65,-0.30,509.29
2012,77,42351.92,0.00,439.52,12.79,20.61,2.76,578.87
2012,78,42563.78,0.00,392.51,7.02,20.82,7.74,859.68
2012,79,42775.73,0.00,419.28,1.39,23.12,7.41,793.79
2012,80,42987.73,2.36,264.83,0.00,20.58,7.40,995.49
2012,81,43199.77,7.42,171.01,0.00,13.65,7.13,1010.68
2012,82,43411.80,6.29,232.74,0.00,13.90,4.30,830.07
2012,83,43623.81,7.44,167.84,0.00,11.21,4.94,868.28
2012,84,43835.75,0.02,258.31,0.00,11.44,4.04,815.02
2012,85,44047.61,0.00,230.53,0.00,5.29,-0.94,569.99
2012,86,44259.35,4.34,237.52,0.00,3.69,-5.46,406.82
2012,87,44470.95,1.66,406.44,0.00,12.58,-2.50,483.71
2012,88,44682.37,0.00,186.03,0.00,6.45,1.54,682.62
2012,89,44893.58,2.29,141.93,0.00,4.46,-0.36,594.73
2012,90,45104.55,5.50,97.62,0.00,2.39,-0.73,579.08
2012,91,45315.25,1.35,202.89,0.00,5.82,0.69,641.83
2012,92,45525.65,0.00,291.61,0.00,9.36,1.46,678.66
2012,93,45735.72,4.41,242.83,0.00,10.55,1.48,679.52
2012,94,45945.43,0.00,395.27,0.00,14.68,1.93,674.53
2012,95,46154.73,0.00,364.19,0.00,10.05,-0.40,593.16
2012,96,46363.61,0.00,350.45,0.00,6.61,-2.88,494.08
2012,97,46572.01,0.00,428.65,0.00,9.94,-3.88,445.82
2012,98,46779.91,5.98,335.68,0.00,14.42,-1.85,533.09
2012,99,46987.28,0.00,386.89,0.00,10.89,-0.47,590.03
2012,100,47194.06,0.00,262.52,0.00,5.36,-1.04,565.86
2012,101,47400.23,0.00,327.90,0.00,6.83,-1.38,552.23
2012,102,47605.75,0.00,328.95,0.00,6.76,-1.42,550.33
2012,103,47810.57,0.00,442.23,0.00,9.74,-3.79,441.74
2012,104,48014.66,0.31,460.87,0.00,14.33,-0.92,511.28
2012,105,48217.97,0.00,460.80,0.00,18.65,2.92,640.78
2012,106,48420.46,26.46,273.48,0.00,11.13,1.79,695.08
2012,107,48622.09,0.63,244.77,0.00,1.53,-3.76,462.70
2012,108,48822.80,3.02,365.02,3.02,4.63,-6.98,362.16
2012,109,49022.56,14.39,328.69,1.23,7.81,-1.74,537.54
2012,110,49221.31,0.00,309.72,0.00,6.65,-0.01,610.11
2012,111,49419.00,0.00,384.50,0.00,7.76,-1.19,560.02
2012,112,49615.59,0.00,411.53,0.00,7.16,-2.71,500.24
2012,113,49811.01,0.00,432.81,0.00,9.14,-1.85,533.14
2012,114,50005.23,0.00,485.86,0.00,13.09,-1.86,503.63
2012,115,50198.17,0.00,483.25,0.00,15.05,-0.06,563.53
2012,116,50389.80,2.37,291.93,0.00,10.52,0.98,655.79
2012,117,50580.04,0.00,431.32,0.00,10.42,-0.66,581.90
2012,118,50768.83,0.00,439.44,0.00,8.31,-3.13,484.95
2012,119,50956.13,0.00,444.64,0.00,9.44,-2.49,508.75
2012,120,51141.86,0.00,489.75,0.00,12.34,-3.06,460.14
2012,121,51325.96,0.00,393.40,0.00,10.79,0.63,639.35
2012,122,51508.36,9.17,343.35,0.00,15.80,2.06,708.67
2012,123,51689.01,10.21,318.34,0.00,20.11,7.64,1046.59
2012,124,51867.83,9.92,245.80,0.00,15.71,7.47,1034.15
2012,125,52044.75,8.22,184.94,0.00,9.53,3.87,805.33
2012,126,52219.70,0.00,308.94,0.00,11.88,4.57,846.29
2012,127,52392.61,2.97,224.71,0.00,12.04,5.13,879.71
2012,128,52563.41,3.49,185.26,0.00,10.38,5.03,873.93
2012,129,52732.02,0.00,321.68,0.00,11.47,4.33,832.03
2012,130,52898.37,0.00,450.77,0.00,15.61,3.59,788.95
2012,131,53062.37,0.00,508.95,0.00,18.02,1.54,645.25
2012,132,53223.96,0.00,505.74,0.00,20.92,4.01,752.66
2012,133,53383.04,0.00,472.22,0.00,18.84,4.94,832.21
2012,134,53539.55,0.00,505.98,0.00,20.82,4.04,752.54
2012,135,53693.40,0.00,495.85,0.00,23.39,7.10,918.11
2012,136,53844.51,0.00,412.78,0.00,17.97,7.04,1004.16
2012,137,53992.80,0.00,432.70,0.00,13.73,2.20,715.39
2012,138,54138.19,0.75,479.00,0.00,18.36,3.95,772.25
2012,139,54280.58,0.00,494.31,0.00,23.51,7.03,912.17
2012,140,54419.91,0.00,485.60,0.00,25.68,9.19,1047.28
2012,141,54556.08,22.33,274.35,0.00,18.80,8.97,1145.45
2012,142,54689.02,0.00,443.39,0.00,18.29,5.30,890.40
2012,143,54818.63,1.74,378.02,0.00,14.98,5.00,871.96
2012,144,54944.84,6.06,302.73,0.00,19.27,8.10,1079.92
2012,145,55067.57,41.11,281.67,0.00,20.03,9.99,1226.59
2012,146,55186.72,0.00,346.44,0.00,19.07,10.10,1235.78
2012,147,55302.23,6.64,248.73,0.00,15.12,6.93,996.74
2012,148,55414.01,13.29,246.80,0.00,16.08,7.99,1071.38
2012,149,55521.97,4.25,282.96,0.00,17.03,7.45,1032.60
2012,150,55626.05,2.84,296.62,0.00,16.27,6.26,951.76
2012,151,55726.17,0.00,326.46,0.00,11.60,4.04,814.99
2012,152,55822.25,0.00,485.26,0.00,16.45,2.51,731.55
2012,153,55914.21,0.00,508.29,0.00,18.16,2.29,720.08
2012,154,56002.00,0.00,493.14,0.00,20.49,5.13,879.80
2012,155,56085.53,0.00,462.62,0.00,21.52,7.65,1047.07
2012,156,56164.75,0.00,366.24,0.00,19.53,9.87,1216.92
2012,157,56239.59,0.00,400.28,0.00,19.79,8.80,1131.72
2012,158,56309.98,0.00,438.75,0.00,21.14,8.16,1084.32
2012,159,56375.87,0.00,437.16,0.00,22.24,9.03,1150.14
2012,160,56437.21,3.27,296.59,0.00,21.23,9.97,1225.00
2012,161,56493.94,0.00,368.62,0.00,21.94,11.76,1379.78
2012,162,56546.02,0.70,474.11,0.00,28.05,11.94,1376.29
2012,163,56593.39,0.00,387.92,0.00,24.76,13.64,1560.86
2012,164,56636.02,0.00,351.74,0.00,16.76,7.83,1060.01
2012,165,56673.88,2.00,483.26,0.00,20.55,5.72,916.54
2012,166,56706.92,7.17,267.92,0.00,17.65,8.57,1114.56
2012,167,56735.12,0.00,373.15,0.00,20.90,11.08,1318.68
2012,168,56758.46,10.37,325.43,0.00,23.61,11.13,1323.78
2012,169,56776.91,9.90,306.53,0.00,21.94,10.90,1302.92
2012,170,56790.45,10.58,305.84,0.00,23.26,12.23,1423.06
2012,171,56799.08,52.05,264.99,0.00,20.98,12.11,1411.72
2012,172,56802.79,30.95,273.32,0.00,21.77,12.55,1453.56
2012,173,56801.57,0.00,397.91,0.00,22.55,12.09,1410.45
2012,174,56795.42,0.00,451.22,0.00,22.30,9.58,1193.58
2012,175,56784.35,0.00,432.77,0.00,22.61,10.65,1281.80
2012,176,56768.38,0.00,370.35,0.00,20.24,10.87,1300.43
2012,177,56747.50,0.00,474.37,0.00,21.63,7.52,1037.60
2012,178,56721.75,0.00,494.99,0.00,24.10,7.87,1063.00
2012,179,56691.15,0.00,473.35,0.00,26.16,10.79,1293.74
2012,180,56655.72,0.00,428.74,0.00,27.53,14.27,1626.08
2012,181,56615.49,0.00,451.43,0.00,28.64,13.71,1568.38
2012,182,56570.50,0.00,445.14,0.00,27.95,13.52,1548.42
2012,183,56520.79,3.14,330.37,0.00,27.17,13.19,1516.13
2012,184,56466.40,13.45,319.48,0.00,28.13,14.74,1676.60
2012,185,56407.38,0.00,409.79,0.00,28.91,16.17,1836.75
2012,186,56343.78,9.19,290.30,0.00,27.97,16.32,1854.56
2012,187,56275.65,0.00,414.22,0.00,29.03,15.93,1809.07
2012,188,56203.05,7.61,281.31,0.00,24.73,14.00,1597.73
2012,189,56126.03,0.00,432.61,0.00,26.96,13.39,1535.36
2012,190,56044.67,0.00,377.13,0.00,24.01,13.28,1524.33
2012,191,55959.02,0.00,409.73,0.00,24.47,12.31,1430.95
2012,192,55869.15,0.00,417.49,0.00,25.26,12.72,1469.75
2012,193,55775.14,0.00,440.51,0.00,27.72,13.47,1543.16
2012,194,55677.05,0.00,406.10,0.00,28.70,15.85,1800.23
2012,195,55574.96,0.00,403.58,0.00,28.98,16.23,1844.09
2012,196,55468.94,0.00,307.61,0.00,26.54,17.77,2033.76
2012,197,55359.08,0.00,321.44,0.00,26.14,16.97,1932.87
2012,198,55245.44,4.49,265.57,0.00,27.40,16.97,1933.06
2012,199,55128.12,0.00,279.83,0.00,25.10,17.42,1988.67
2012,200,55007.18,0.00,350.00,0.00,23.84,14.07,1604.92
2012,201,54882.72,0.00,369.41,0.00,24.01,13.47,1543.47
2012,202,54754.81,0.00,442.00,0.00,26.38,12.04,1405.75
2012,203,54623.54,0.00,388.64,0.00,27.36,15.38,1746.62
2012,204,54488.99,0.00,423.96,0.00,28.15,14.30,1628.73
2012,205,54351.25,0.00,378.88,0.00,28.14,16.36,1859.98
2012,206,54210.39,23.86,309.94,0.00,27.09,13.82,1579.20
2012,207,54066.50,19.87,262.33,0.00,23.98,13.87,1584.35
2012,208,53919.67,5.15,203.44,0.00,21.94,14.68,1669.95
2012,209,53769.97,0.00,324.09,0.00,22.56,13.76,1572.72
2012,210,53617.49,0.00,430.02,0.00,24.74,11.42,1349.07
2012,211,53462.31,14.08,323.93,0.00,26.60,12.81,1478.67
2012,212,53304.51,4.24,289.62,0.00,26.94,15.33,1741.46
2012,213,53144.18,0.00,366.13,0.00,25.12,14.64,1665.07
2012,214,52981.38,0.00,419.02,0.00,28.04,14.68,1669.87
2012,215,52816.21,6.62,238.62,0.00,24.98,16.23,1843.68
2012,216,52648.73,9.66,275.00,0.00,23.89,13.58,1554.44
2012,217,52479.03,11.55,237.21,0.00,23.84,15.34,1741.83
2012,218,52307.17,0.00,403.09,0.00,24.14,12.30,1429.50
2012,219,52133.24,0.00,430.15,0.00,25.96,12.37,1436.21
2012,220,51957.31,0.00,393.29,0.00,24.29,12.74,1471.36
2012,221,51779.44,15.97,244.16,0.00,22.19,13.46,1542.63
2012,222,51599.70,20.82,211.06,0.00,19.58,12.47,1445.94
2012,223,51418.18,0.00,376.49,0.00,20.55,10.35,1256.32
2012,224,51234.92,0.00,433.21,0.00,22.25,9.15,1159.12
2012,225,51050.00,0.00,435.12,0.00,23.43,9.89,1218.49
2012,226,50863.49,0.00,385.42,0.00,24.11,12.85,1482.24
2012,227,50675.44,1.12,372.46,0.00,22.67,12.05,1406.08
2012,228,50485.92,16.80,308.60,0.00,24.38,11.57,1362.92
2012,229,50294.99,5.26,256.96,0.00,21.63,12.06,1407.58
2012,230,50102.71,0.00,392.27,0.00,21.16,9.51,1187.81
2012,231,49909.13,0.00,375.90,0.00,20.87,9.91,1219.59
2012,232,49714.30,0.00,394.09,0.00,20.44,8.71,1124.85
2012,233,49518.30,0.70,400.47,0.00,22.77,10.31,1252.88
2012,234,49321.15,0.00,419.57,0.00,24.33,10.38,1259.05
2012,235,49122.93,0.00,414.10,0.00,25.60,11.56,1362.03
2012,236,48923.68,4.45,236.32,0.00,22.90,13.87,1583.95
2012,237,48723.44,0.00,332.46,0.00,25.38,15.35,1743.53
2012,238,48522.27,1.31,332.16,0.00,27.01,16.62,1890.11
2012,239,48320.21,0.00,284.81,0.00,25.68,17.19,1960.33
2012,240,48117.31,0.00,324.77,0.00,23.04,13.42,1539.06
2012,241,47913.61,0.00,357.47,0.00,22.93,11.97,1398.66
2012,242,47709.15,0.00,410.83,0.00,25.72,11.02,1313.42
2012,243,47503.98,0.00,391.57,0.00,27.74,13.65,1561.43
2012,244,47298.13,0.00,394.33,0.00,26.99,12.70,1468.15
2012,245,47091.65,0.00,409.00,0.00,26.00,10.46,1266.09
2012,246,46884.57,0.00,379.18,0.00,24.64,11.22,1331.41
2012,247,46676.94,0.00,335.42,0.00,25.96,14.49,1648.97
2012,248,46468.78,11.62,282.46,0.00,27.29,13.05,1501.54
2012,249,46260.14,3.97,235.58,0.00,23.11,12.82,1479.74
2012,250,46051.05,0.00,352.36,0.00,22.20,10.08,1233.96
2012,251,45841.54,2.19,217.89,0.00,19.34,10.21,1244.32
2012,252,45631.65,1.44,297.36,0.00,18.34,8.88,1137.92
2012,253,45421.41,0.00,318.24,0.00,19.25,8.72,1125.77
2012,254,45210.86,0.00,384.31,0.00,21.84,6.92,996.14
2012,255,45000.02,0.00,356.98,0.00,23.55,10.08,1233.76
2012,256,44788.92,0.00,219.19,0.00,19.83,12.90,1486.77
2012,257,44577.61,0.00,286.83,0.00,18.25,8.86,1136.37
2012,258,44366.10,0.00,321.24,0.00,17.23,6.32,955.36
2012,259,44154.43,0.00,375.08,0.00,18.71,3.95,810.23
2012,260,43942.62,1.98,358.77,0.00,20.86,6.73,982.91
2012,261,43730.72,3.86,176.61,0.00,15.03,7.46,1033.37
2012,262,43518.74,3.63,203.16,0.00,12.17,3.38,778.16
2012,263,43306.71,3.98,266.65,0.00,15.25,1.59,685.27
2012,264,43094.68,4.17,197.05,0.00,14.55,5.86,925.54
2012,265,42882.65,5.47,178.92,0.00,13.05,5.42,897.92
2012,266,42670.67,2.37,156.08,0.00,10.37,3.92,808.24
2012,267,42458.77,0.00,259.21,0.00,11.48,3.04,759.53
2012,268,42246.96,0.00,348.97,0.00,18.27,3.84,803.99
2012,269,42035.29,1.00,313.63,0.00,13.65,1.96,703.47
2012,270,41823.78,0.00,316.50,0.00,14.38,2.18,714.77
2012,271,41612.46,0.00,338.96,0.00,16.00,1.56,683.53
2012,272,41401.37,0.00,343.35,0.00,17.93,2.43,727.56
2012,273,41190.53,0.00,316.05,0.00,16.76,3.58,789.06
2012,274,40979.97,0.00,328.82,0.00,16.75,2.21,715.96
2012,275,40769.73,0.00,320.61,0.00,18.46,4.14,821.05
2012,276,40559.84,0.00,313.08,0.00,16.31,2.64,738.26
2012,277,40350.33,0.00,320.84,0.00,19.73,4.36,833.72
2012,278,40141.23,0.00,284.49,0.00,17.88,5.63,911.32
2012,279,39932.59,0.00,157.77,0.00,8.67,3.08,762.03
2012,280,39724.43,0.00,199.61,0.00,8.40,1.16,664.38
2012,281,39516.79,0.00,269.62,0.00,10.58,-0.44,591.36
2012,282,39309.71,6.21,185.62,0.00,10.70,0.78,646.27
2012,283,39103.22,4.00,153.93,0.00,10.12,2.27,719.03
2012,284,38897.37,1.71,171.11,0.00,7.28,1.05,659.02
2012,285,38692.20,1.67,237.30,0.00,8.25,-1.07,564.84
2012,286,38487.73,0.00,256.55,0.00,7.52,-3.17,483.60
2012,287,38284.03,0.00,221.61,0.00,7.69,-1.14,561.86
2012,288,38081.12,0.00,164.27,0.00,7.87,1.67,688.86
2012,289,37879.05,1.17,188.41,0.00,8.68,1.44,677.67
2012,290,37677.88,2.64,165.68,0.00,10.15,1.20,666.00
2012,291,37477.63,9.37,168.47,0.00,13.84,4.21,825.32
2012,292,37278.37,14.94,123.73,0.00,12.81,6.24,950.11
2012,293,37080.14,6.25,144.90,0.00,11.46,3.61,791.12
2012,294,36882.99,0.00,225.67,0.00,12.78,2.77,745.20
2012,295,36686.98,0.00,246.65,0.00,12.34,0.38,627.75
2012,296,36492.15,0.00,208.77,0.00,13.05,3.57,788.52
2012,297,36298.56,30.98,104.17,0.00,11.61,5.80,922.05
2012,298,36106.26,19.56,88.02,0.00,13.84,8.97,1145.34
2012,299,35915.32,13.11,98.29,0.00,11.20,5.85,925.05
2012,300,35725.80,0.00,112.40,0.00,5.60,1.25,668.28
2012,301,35537.74,0.00,164.18,0.00,5.37,-1.23,558.36
2012,302,35351.21,0.00,217.75,0.00,6.08,-3.75,462.91
2012,303,35166.29,0.00,216.58,0.00,7.43,-2.53,507.12
2012,304,34983.02,0.00,196.30,0.00,5.66,-2.79,497.20
2012,305,34801.48,0.00,181.63,0.00,5.10,-2.44,510.31
2012,306,34621.74,0.00,204.09,0.00,5.63,-3.43,474.13
2012,307,34443.86,0.00,150.39,0.00,3.11,-2.72,499.86
2012,308,34267.91,0.00,122.98,0.00,2.02,-2.54,506.57
2012,309,34093.96,0.00,111.82,0.00,2.04,-2.12,522.92
2012,310,33922.09,0.00,120.75,0.00,3.11,-1.47,548.37
2012,311,33752.37,2.77,97.39,0.00,4.25,-0.74,578.62
2012,312,33584.88,0.00,100.57,0.00,5.47,1.69,690.14
2012,313,33419.69,0.00,143.39,0.00,8.25,2.47,729.42
2012,314,33256.88,0.00,130.82,0.00,5.61,0.45,630.85
2012,315,33096.53,16.17,149.47,0.00,9.01,-1.23,558.38
2012,316,32938.72,10.36,152.74,0.00,12.72,0.96,654.44
2012,317,32783.52,0.00,129.60,0.00,1.27,-3.94,456.27
2012,318,32631.02,0.00,174.40,0.00,4.01,-4.17,448.68
2012,319,32481.31,0.00,169.52,0.00,5.05,-2.98,490.44
2012,320,32334.45,0.00,189.90,0.00,8.95,-1.85,533.10
2012,321,32190.55,0.00,193.40,0.00,4.90,-6.50,375.76
2012,322,32049.67,0.00,192.08,0.00,8.34,-3.90,457.69
2012,323,31911.90,0.00,166.79,0.00,9.79,0.59,637.21
2012,324,31777.33,2.41,117.33,0.00,10.14,1.74,692.30
2012,325,31646.04,0.00,152.88,0.00,7.79,-0.21,601.56
2012,326,31518.11,0.00,161.83,0.00,8.55,-0.48,589.75
2012,327,31393.62,9.68,132.34,0.00,11.35,-0.57,585.77
2012,328,31272.66,32.13,103.81,0.00,1.18,-5.97,391.31
2012,329,31155.32,0.54,141.90,0.54,-3.28,-9.72,292.24
2012,330,31041.66,0.34,129.05,0.88,-2.56,-8.38,324.82
2012,331,30931.77,0.00,110.60,0.88,-5.39,-10.24,280.50
2012,332,30825.72,0.00,167.28,0.88,-1.63,-10.28,279.57
2012,333,30723.61,0.00,172.01,0.88,-2.68,-11.86,246.43
2012,334,30625.49,0.00,155.36,0.88,-3.15,-10.97,264.74
2012,335,30531.45,0.00,160.99,0.88,0.67,-7.93,336.25
2012,336,30441.56,1.39,106.71,0.00,3.60,-2.10,523.69
2012,337,30355.88,0.00,70.15,0.00,4.50,0.92,652.76
2012,338,30274.49,2.62,82.37,0.00,8.03,1.83,697.16
2012,339,30197.44,0.00,126.97,0.00,2.67,-4.78,428.36
2012,340,30124.81,0.00,150.47,0.00,1.34,-9.01,309.15
2012,341,30056.65,0.00,147.64,0.00,5.17,-5.35,410.27
2012,342,29993.02,0.00,93.26,0.00,0.00,-5.32,411.06
2012,343,29933.97,0.00,123.13,0.00,-1.43,-9.06,308.01
2012,344,29879.55,3.25,101.16,3.25,-0.91,-8.48,322.11
2012,345,29829.81,3.05,66.71,6.31,-3.34,-7.80,339.78
2012,346,29784.79,0.00,117.77,6.31,-3.58,-9.68,293.18
2012,347,29744.53,0.00,179.86,6.31,0.44,-14.21,203.51
2012,348,29709.07,0.00,161.39,6.31,0.68,-10.02,285.53
2012,349,29678.43,0.00,139.35,6.31,0.75,-7.52,347.25
2012,350,29652.65,7.64,89.61,5.17,3.40,-3.29,479.15
2012,351,29631.74,4.71,74.06,3.43,3.37,-1.86,532.70
2012,352,29615.73,0.00,73.01,2.68,-0.61,-4.21,447.09
2012,353,29604.64,0.00,76.41,2.28,-1.34,-5.04,419.88
2012,354,29598.46,0.00,107.23,1.92,0.28,-5.15,416.48
2012,355,29597.20,5.94,89.81,1.91,0.23,-5.97,391.24
2012,356,29600.88,0.00,122.11,1.91,-3.27,-9.49,297.74
2012,357,29609.47,0.00,159.51,1.91,-2.21,-11.83,247.13
2012,358,29622.99,0.00,140.88,1.91,-5.07,-12.58,232.56
2012,359,29641.40,0.00,105.01,1.91,-7.86,-12.84,227.62
2012,360,29664.71,0.00,133.14,1.91,-8.10,-14.85,193.07
2012,361,29692.88,0.00,165.77,1.91,-6.99,-17.19,158.80
2012,362,29725.89,0.00,143.98,1.91,-5.54,-13.23,220.60
2012,363,29763.71,0.00,137.25,1.91,-4.37,-11.44,254.96
2012,364,29806.31,0.08,150.91,1.98,-3.20,-11.45,254.68
2012,365,29853.66,0.00,167.77,1.98,-3.01,-13.20,221.09
2013,1,29905.94,0.00,141.48,39.46,-7.45,-15.70,179.91
2013,2,29962.66,0.00,137.90,39.46,-4.54,-12.51,233.90
2013,3,30023.99,0.00,139.41,39.46,-2.78,-10.85,267.22
2013,4,30089.87,0.00,155.08,39.46,0.85,-8.67,317.49
2013,5,30160.26,0.00,165.34,39.46,0.64,-9.84,289.43
2013,6,30235.08,0.00,127.15,39.46,-2.03,-8.96,310.28
2013,7,30314.29,0.00,170.72,39.46,3.34,-7.65,343.63
2013,8,30397.81,0.00,154.93,39.06,4.06,-5.06,419.28
2013,9,30485.59,0.00,120.34,38.18,2.50,-3.89,458.14
2013,10,30577.55,3.22,130.69,37.99,5.35,-5.57,403.51
2013,11,30673.62,6.82,89.46,36.01,4.95,-1.29,555.82
2013,12,30773.72,3.56,125.45,35.83,4.15,-5.57,403.46
2013,13,30877.80,1.80,118.00,37.63,-6.45,-12.21,239.52
2013,14,30985.75,1.15,124.66,38.78,-8.96,-15.00,190.73
2013,15,31097.52,2.06,149.18,40.84,-3.06,-15.49,183.09
2013,16,31213.02,2.07,150.80,42.90,-1.15,-13.55,214.88
2013,17,31332.17,0.00,169.21,42.90,-10.81,-19.36,131.96
2013,18,31454.88,4.89,140.03,47.80,-8.73,-18.56,141.41
2013,19,31581.09,4.53,161.04,52.32,-3.02,-16.11,173.85
2013,20,31710.69,0.00,195.38,52.32,-9.72,-19.86,126.43
2013,21,31843.62,0.00,162.28,52.32,-16.42,-23.84,89.04
2013,22,31979.79,0.00,190.01,52.32,-18.29,-27.43,64.13
2013,23,32119.11,0.00,186.15,52.32,-15.17,-23.86,88.84
2013,24,32261.50,4.42,176.13,56.74,-11.66,-25.46,76.88
2013,25,32406.88,5.26,172.26,62.01,-6.60,-18.96,136.60
2013,26,32555.16,1.64,218.58,63.65,-4.66,-15.42,184.22
2013,27,32706.26,0.00,218.84,63.65,-0.61,-11.29,258.06
2013,28,32860.11,2.24,121.61,63.24,1.73,-5.02,420.58
2013,29,33016.61,2.92,74.90,61.44,2.16,-1.71,538.65
2013,30,33175.69,0.00,190.21,61.44,-1.90,-9.86,289.07
2013,31,33337.27,0.00,138.60,61.44,-11.53,-16.68,165.84
2013,32,33501.27,0.00,199.34,61.44,-14.02,-21.92,105.62
2013,33,33667.61,0.77,253.84,62.21,-10.62,-22.67,98.80
2013,34,33836.22,0.00,226.82,62.21,-11.68,-21.01,114.36
2013,35,34007.01,2.45,203.87,64.66,-10.15,-23.66,90.43
2013,36,34179.92,1.86,280.27,66.52,-6.94,-21.58,108.82
2013,37,34354.86,0.88,270.16,67.39,-7.63,-20.27,121.98
2013,38,34531.78,0.00,210.44,67.39,-5.85,-13.83,210.01
2013,39,34710.60,0.00,273.96,67.39,-4.98,-17.47,155.06
2013,40,34891.24,0.00,290.42,67.39,-1.27,-15.71,179.86
2013,41,35073.64,17.26,130.12,84.66,-0.29,-6.41,378.20
2013,42,35257.74,0.00,165.36,84.66,-0.95,-6.58,373.34
2013,43,35443.47,0.00,225.34,84.66,-2.70,-10.77,269.00
2013,44,35630.76,0.00,270.36,84.66,1.35,-9.36,300.68
2013,45,35819.55,0.00,247.77,84.66,-0.61,-9.56,296.10
2013,46,36009.79,0.00,240.81,84.66,-8.05,-16.24,172.06
2013,47,36201.40,0.00,262.70,84.66,-9.72,-18.82,138.24
2013,48,36394.35,2.72,254.78,87.37,-3.79,-19.88,126.23
2013,49,36588.56,3.29,250.47,90.66,-0.11,-14.72,195.20
2013,50,36783.98,0.00,235.30,90.66,-7.46,-14.95,191.57
2013,51,36980.57,0.00,275.23,90.66,-8.20,-17.36,156.60
2013,52,37178.26,0.00,347.67,90.66,-5.04,-19.63,128.93
2013,53,37377.01,0.91,277.05,91.58,-2.32,-11.48,254.15
2013,54,37576.76,0.00,198.84,91.58,-0.77,-6.60,372.76
2013,55,37777.47,0.00,280.14,91.58,0.15,-8.60,319.11
2013,56,37979.09,0.00,316.34,91.58,2.41,-8.05,333.13
2013,57,38181.58,0.00,349.87,91.58,3.51,-9.13,306.31
2013,58,38384.89,0.00,293.12,91.58,2.79,-6.24,383.23
2013,59,38588.98,0.00,191.79,91.58,-1.25,-6.49,375.83
2013,60,38793.80,0.00,309.97,91.58,-2.26,-11.64,250.81
2013,61,38999.32,0.00,324.91,91.58,-3.93,-13.93,208.26
2013,62,39205.49,0.00,396.97,91.58,-3.35,-18.74,139.16
2013,63,39412.27,0.00,380.47,91.58,-2.67,-16.00,175.56
2013,64,39619.63,1.19,290.11,92.76,-2.59,-10.86,266.91
2013,65,39827.53,0.92,220.86,93.69,-2.18,-7.93,336.29
2013,66,40035.94,0.00,301.54,93.69,-2.62,-10.73,269.71
2013,67,40244.81,0.00,402.19,93.69,2.20,-11.14,261.17
2013,68,40454.11,11.75,245.67,105.44,1.34,-7.52,347.25
2013,69,40663.82,0.00,150.57,103.94,1.03,-2.44,510.45
2013,70,40873.89,4.93,132.22,103.92,-2.05,-5.96,391.67
2013,71,41084.29,1.91,206.32,105.83,-4.79,-9.31,301.85
2013,72,41294.99,0.00,411.74,105.83,-0.49,-12.09,242.00
2013,73,41505.96,0.00,467.04,105.83,2.87,-14.41,200.19
2013,74,41717.17,0.00,409.52,105.83,-1.29,-12.57,232.67
2013,75,41928.59,0.00,426.76,105.83,-3.16,-15.24,187.02
2013,76,42140.18,0.00,478.85,105.83,-3.22,-20.14,123.39
2013,77,42351.92,8.62,302.91,114.45,-1.04,-11.76,248.52
2013,78,42563.78,0.00,248.34,114.45,-2.36,-7.79,339.97
2013,79,42775.73,0.00,346.68,114.45,-3.39,-11.23,259.15
2013,80,42987.73,0.00,397.75,114.45,-1.70,-11.25,258.91
2013,81,43199.77,0.00,441.08,114.45,-0.28,-11.69,249.89
2013,82,43411.80,0.00,374.62,114.45,1.02,-7.45,349.19
2013,83,43623.81,0.00,338.68,114.43,1.35,-5.94,392.12
2013,84,43835.75,0.00,380.21,114.43,1.83,-6.66,371.00
2013,85,44047.61,0.00,362.76,113.44,4.29,-3.64,466.68
2013,86,44259.35,0.00,400.63,112.05,6.39,-2.69,501.06
2013,87,44470.95,0.00,476.12,111.65,7.16,-5.05,392.18
2013,88,44682.37,0.00,509.83,111.65,8.48,-6.14,343.53
2013,89,44893.58,6.64,327.44,110.66,6.71,-3.65,466.25
2013,90,45104.55,0.00,400.88,110.04,4.37,-4.51,437.32
2013,91,45315.25,0.00,435.20,110.04,1.72,-8.13,331.26
2013,92,45525.65,0.00,499.15,110.04,1.35,-11.14,261.20
2013,93,45735.72,0.00,540.92,110.04,3.44,-12.19,229.09
2013,94,45945.43,0.00,491.91,110.04,5.83,-6.28,360.08
2013,95,46154.73,0.00,461.41,110.04,2.75,-7.90,337.04
2013,96,46363.61,9.47,218.75,109.53,0.93,-4.79,427.95
2013,97,46572.01,6.50,247.29,107.93,4.29,-2.19,519.86
2013,98,46779.91,4.75,168.26,105.75,3.32,-0.82,575.34
2013,99,46987.28,0.00,325.26,103.88,4.75,-1.54,545.55
2013,100,47194.06,0.00,450.51,103.04,5.78,-4.01,454.05
2013,101,47400.23,5.45,202.22,101.78,2.09,-3.00,489.64
2013,102,47605.75,4.78,164.85,100.67,0.61,-3.34,477.49
2013,103,47810.57,2.00,220.70,99.77,1.35,-3.87,458.83
2013,104,48014.66,14.42,326.62,99.13,3.93,-4.48,438.11
2013,105,48217.97,0.00,408.29,97.42,5.69,-1.91,530.73
2013,106,48420.46,0.00,363.70,95.31,5.34,-0.99,568.26
2013,107,48622.09,3.96,211.02,93.23,3.53,-1.04,566.06
2013,108,48822.80,20.45,180.12,91.11,2.85,-0.96,569.44
2013,109,49022.56,6.75,209.72,90.69,-0.63,-5.00,421.13
2013,110,49221.31,0.00,576.05,90.69,0.46,-12.44,235.11
2013,111,49419.00,7.90,438.92,98.59,4.56,-9.00,309.45
2013,112,49615.59,7.90,348.51,97.09,5.90,-2.42,511.23
2013,113,49811.01,4.94,346.75,95.35,6.41,-1.87,532.59
2013,114,50005.23,3.84,416.45,94.90,6.71,-4.92,423.87
2013,115,50198.17,0.00,512.56,93.38,7.51,-2.39,512.31
2013,116,50389.80,0.00,574.29,91.78,10.88,-2.20,498.99
2013,117,50580.04,0.00,588.17,89.30,14.45,-0.09,554.48
2013,118,50768.83,1.34,579.84,85.80,16.38,2.33,648.93
2013,119,50956.13,0.00,571.97,82.27,15.92,2.42,656.56
2013,120,51141.86,13.13,432.53,78.06,18.80,4.03,796.41
2013,121,51325.96,4.70,334.03,74.23,11.44,3.11,763.63
2013,122,51508.36,5.35,158.96,72.25,1.99,-1.30,555.31
2013,123,51689.01,6.38,134.16,70.46,0.88,-1.72,538.25
2013,124,51867.83,5.97,287.45,68.35,5.07,-0.99,568.18
2013,125,52044.75,0.00,470.40,65.63,8.52,0.49,632.80
2013,126,52219.70,0.00,581.58,63.07,13.03,0.09,597.22
2013,127,52392.61,0.00,602.23,59.80,17.62,1.80,639.58
2013,128,52563.41,2.47,446.70,55.92,19.63,3.24,770.28
2013,129,52732.02,0.00,486.34,52.16,12.47,2.95,754.83
2013,130,52898.37,0.00,478.61,49.99,8.19,-0.83,574.94
2013,131,53062.37,0.00,444.48,47.63,7.75,-0.39,593.56
2013,132,53223.96,0.00,445.76,45.11,8.30,0.00,610.86
2013,133,53383.04,0.00,564.08,43.40,10.98,-1.95,509.88
2013,134,53539.55,0.00,583.70,40.54,15.75,0.81,587.31
2013,135,53693.40,0.00,601.29,36.39,22.32,3.88,680.76
2013,136,53844.51,0.00,558.15,32.70,16.90,2.79,679.03
2013,137,53992.80,0.00,522.32,28.83,15.69,3.22,723.96
2013,138,54138.19,4.17,262.58,24.12,12.34,5.22,885.71
2013,139,54280.58,42.01,331.12,18.70,16.89,6.90,994.53
2013,140,54419.91,20.66,260.89,12.99,14.81,7.59,1042.96
2013,141,54556.08,14.95,185.77,7.40,12.10,7.31,1022.90
2013,142,54689.02,0.00,365.95,2.21,13.83,6.37,958.64
2013,143,54818.63,0.00,434.14,0.00,11.54,0.79,646.81
2013,144,54944.84,0.00,496.21,0.00,13.84,-0.29,597.80
2013,145,55067.57,0.00,460.40,0.00,15.26,2.97,755.85
2013,146,55186.72,0.00,469.48,0.00,16.77,3.89,806.61
2013,147,55302.23,0.00,489.38,0.00,18.11,3.92,808.56
2013,148,55414.01,0.00,397.62,0.00,15.40,5.81,922.68
2013,149,55521.97,6.94,365.40,0.00,19.62,5.53,904.48
2013,150,55626.05,5.75,354.79,0.00,21.38,7.93,1066.91
2013,151,55726.17,9.60,336.39,0.00,23.89,11.23,1332.44
2013,152,55822.25,4.71,306.77,0.00,17.37,7.00,1001.14
2013,153,55914.21,0.00,432.08,0.00,14.14,2.92,753.39
2013,154,56002.00,0.00,477.26,0.00,14.39,0.82,647.87
2013,155,56085.53,0.00,491.07,0.00,17.42,2.45,728.22
2013,156,56164.75,0.00,390.08,0.00,14.83,4.86,863.23
2013,157,56239.59,0.00,361.75,0.00,15.69,6.75,984.61
2013,158,56309.98,0.00,479.60,0.00,18.41,4.47,840.31
2013,159,56375.87,0.00,483.27,0.00,20.86,6.18,946.17
2013,160,56437.21,2.59,351.69,0.00,19.75,5.94,930.91
2013,161,56493.94,2.96,268.04,0.00,18.52,9.36,1175.54
2013,162,56546.02,0.00,431.69,0.00,21.03,8.77,1129.76
2013,163,56593.39,0.00,476.37,0.00,24.80,9.49,1186.12
2013,164,56636.02,0.00,421.47,0.00,21.32,9.50,1186.47
2013,165,56673.88,1.17,471.49,0.00,19.57,5.69,914.99
2013,166,56706.92,0.94,439.40,0.00,18.16,6.11,941.76
2013,167,56735.12,5.29,379.18,0.00,23.82,6.75,984.58
2013,168,56758.46,0.00,391.20,0.00,17.57,7.26,1019.62
2013,169,56776.91,0.00,488.02,0.00,18.91,3.80,801.73
2013,170,56790.45,0.00,504.54,0.00,22.22,4.98,870.97
2013,171,56799.08,12.27,305.25,0.00,20.12,8.43,1104.31
2013,172,56802.79,7.66,199.13,0.00,17.09,10.24,1247.20
2013,173,56801.57,2.86,260.99,0.00,18.56,9.19,1161.95
2013,174,56795.42,1.14,378.96,0.00,21.21,10.62,1279.08
2013,175,56784.35,0.00,472.97,0.00,24.76,9.14,1158.77
2013,176,56768.38,0.00,446.13,0.00,25.82,11.54,1359.47
2013,177,56747.50,7.64,329.91,0.00,24.73,10.97,1309.51
2013,178,56721.75,10.28,322.98,0.00,23.46,10.25,1248.09
2013,179,56691.15,2.91,297.20,0.00,21.94,10.47,1266.70
2013,180,56655.72,0.00,416.88,0.00,22.39,10.03,1229.92
2013,181,56615.49,0.00,459.22,0.00,24.97,10.02,1228.67
2013,182,56570.50,0.00,404.45,0.00,21.42,9.60,1194.61
2013,183,56520.79,0.00,474.15,0.00,20.56,5.26,888.05
2013,184,56466.40,0.00,478.70,0.00,22.75,6.70,980.87
2013,185,56407.38,0.00,485.87,0.00,25.03,7.94,1067.56
2013,186,56343.78,0.00,421.38,0.00,26.50,12.85,1482.46
2013,187,56275.65,16.89,284.32,0.00,26.30,14.47,1647.41
2013,188,56203.05,10.30,206.94,0.00,20.75,13.13,1510.21
2013,189,56126.03,1.15,309.12,0.00,19.39,10.98,1310.26
2013,190,56044.67,10.00,270.34,0.00,19.94,9.89,1218.07
2013,191,55959.02,0.00,394.60,0.00,22.71,11.02,1313.96
2013,192,55869.15,0.00,414.25,0.00,23.51,10.86,1299.50
2013,193,55775.14,0.87,413.86,0.00,23.38,10.81,1295.65
2013,194,55677.05,0.00,332.02,0.00,23.40,14.00,1597.85
2013,195,55574.96,6.28,236.86,0.00,23.01,14.26,1625.30
2013,196,55468.94,0.00,350.95,0.00,23.52,13.60,1556.48
2013,197,55359.08,0.00,421.11,0.00,26.93,13.76,1573.21
2013,198,55245.44,6.46,273.52,0.00,26.18,15.49,1759.31
2013,199,55128.12,60.50,247.68,0.00,24.84,15.64,1776.14
2013,200,55007.18,0.00,418.31,0.00,26.53,13.76,1573.39
2013,201,54882.72,0.00,344.75,0.00,19.05,10.03,1230.05
2013,202,54754.81,9.07,305.50,0.00,18.63,7.29,1021.26
2013,203,54623.54,1.31,471.80,0.00,25.62,9.62,1196.11
2013,204,54488.99,0.00,331.15,0.00,20.49,11.55,1360.78
2013,205,54351.25,4.71,311.50,0.00,21.18,9.10,1155.56
2013,206,54210.39,11.76,247.44,0.00,18.68,10.08,1234.06
2013,207,54066.50,4.87,156.10,0.00,14.87,9.93,1221.29
2013,208,53919.67,1.10,227.66,0.00,13.84,8.54,1112.14
2013,209,53769.97,0.00,296.86,0.00,16.04,8.92,1141.64
2013,210,53617.49,0.00,446.79,0.00,20.89,7.91,1065.78
2013,211,53462.31,1.53,370.99,0.00,19.50,9.97,1224.46
2013,212,53304.51,0.00,433.25,0.00,24.62,11.80,1383.20
2013,213,53144.18,2.85,284.88,0.00,22.53,12.42,1441.37
2013,214,52981.38,0.00,419.44,0.00,23.83,11.98,1400.40
2013,215,52816.21,0.00,409.18,0.00,21.73,10.76,1290.94
2013,216,52648.73,0.00,411.39,0.00,20.23,9.38,1177.55
2013,217,52479.03,0.00,331.91,0.00,18.46,10.57,1274.61
2013,218,52307.17,0.00,346.89,0.00,20.75,12.17,1418.04
2013,219,52133.24,0.00,340.54,0.00,21.42,12.95,1492.37
2013,220,51957.31,0.00,386.10,0.00,19.68,9.80,1210.69
2013,221,51779.44,0.00,424.36,0.00,21.64,9.85,1215.11
2013,222,51599.70,0.00,394.45,0.00,20.21,9.92,1220.61
2013,223,51418.18,0.00,429.15,0.00,22.65,10.41,1261.70
2013,224,51234.92,0.00,368.77,0.00,19.82,10.45,1265.12
2013,225,51050.00,0.00,369.31,0.00,18.08,8.79,1130.98
2013,226,50863.49,0.00,437.23,0.00,20.89,8.15,1083.21
2013,227,50675.44,0.00,448.63,0.00,23.74,9.62,1196.13
2013,228,50485.92,0.00,401.87,0.00,23.47,11.96,1397.83
2013,229,50294.99,0.00,407.02,0.00,23.98,11.97,1398.76
2013,230,50102.71,0.00,394.02,0.00,23.75,12.37,1436.55
2013,231,49909.13,0.00,377.71,0.00,24.42,13.56,1552.36
2013,232,49714.30,0.00,415.69,0.00,27.52,13.95,1592.48
2013,233,49518.30,0.00,429.51,0.00,30.81,15.17,1723.53
2013,234,49321.15,0.00,378.34,0.00,23.81,12.67,1465.33
2013,235,49122.93,0.00,413.00,0.00,23.59,10.60,1277.51
2013,236,48923.68,0.00,389.79,0.00,25.40,13.15,1512.21
2013,237,48723.44,7.73,289.54,0.00,29.39,16.19,1838.95
2013,238,48522.27,8.56,252.57,0.00,27.35,16.74,1904.67
2013,239,48320.21,0.00,287.57,0.00,25.53,16.95,1930.80
2013,240,48117.31,0.00,339.06,0.00,26.68,15.95,1811.01
2013,241,47913.61,25.67,226.61,0.00,25.81,16.61,1889.72
2013,242,47709.15,0.00,272.16,0.00,24.73,16.75,1906.53
2013,243,47503.98,15.65,232.15,0.00,24.08,14.81,1684.19
2013,244,47298.13,2.91,220.71,0.00,22.70,14.14,1612.65
2013,245,47091.65,0.00,298.18,0.00,19.32,10.92,1304.85
2013,246,46884.57,0.00,381.14,0.00,21.40,9.07,1152.89
2013,247,46676.94,0.00,317.93,0.00,18.47,9.22,1164.61
2013,248,46468.78,0.00,372.67,0.00,19.43,7.43,1031.45
2013,249,46260.14,0.00,373.81,0.00,22.98,10.14,1238.96
2013,250,46051.05,0.00,309.62,0.00,23.32,13.49,1545.64
2013,251,45841.54,0.00,291.83,0.00,18.57,9.89,1218.14
2013,252,45631.65,14.55,167.12,0.00,18.49,12.14,1414.56
2013,253,45421.41,0.00,231.74,0.00,21.59,14.79,1681.92
2013,254,45210.86,0.74,322.06,0.00,24.26,13.64,1560.44
2013,255,45000.02,0.00,249.40,0.00,15.62,8.54,1112.09
2013,256,44788.92,0.00,357.91,0.00,16.04,4.40,836.18
2013,257,44577.61,5.00,281.03,0.00,19.78,6.44,963.80
2013,258,44366.10,0.00,269.56,0.00,14.63,6.83,989.53
2013,259,44154.43,0.00,353.44,0.00,15.05,3.43,780.92
2013,260,43942.62,0.00,367.80,0.00,17.63,4.54,844.65
2013,261,43730.72,0.00,310.04,0.00,17.56,7.62,1045.18
2013,262,43518.74,28.84,183.99,0.00,21.36,13.76,1572.54
2013,263,43306.71,0.00,202.57,0.00,18.11,12.28,1428.04
2013,264,43094.68,0.00,246.45,0.00,13.03,6.05,938.02
2013,265,42882.65,0.00,303.03,0.00,12.84,3.71,796.46
2013,266,42670.67,0.00,332.16,0.00,16.83,5.76,919.43
2013,267,42458.77,0.00,344.77,0.00,18.23,5.98,933.15
2013,268,42246.96,0.00,321.44,0.00,18.31,7.36,1026.66
2013,269,42035.29,0.00,302.10,0.00,18.56,8.45,1105.79
2013,270,41823.78,0.00,336.11,0.00,21.77,8.69,1124.05
2013,271,41612.46,7.27,226.42,0.00,21.27,10.39,1259.62
2013,272,41401.37,0.00,318.88,0.00,18.61,6.69,980.46
2013,273,41190.53,0.00,300.33,0.00,19.77,8.65,1121.02
2013,274,40979.97,0.00,294.82,0.00,22.67,11.21,1330.31
2013,275,40769.73,1.44,313.24,0.00,19.60,6.95,997.64
2013,276,40559.84,2.12,149.07,0.00,15.56,9.06,1152.44
2013,277,40350.33,4.60,100.45,0.00,14.39,10.19,1243.08
2013,278,40141.23,26.14,63.91,0.00,10.78,8.35,1098.12
2013,279,39932.59,4.39,130.26,0.00,12.52,7.20,1015.07
2013,280,39724.43,0.00,269.25,0.00,14.32,4.89,865.02
2013,281,39516.79,0.00,333.56,0.00,18.98,2.13,711.93
2013,282,39309.71,0.00,308.62,0.00,20.09,5.85,924.95
2013,283,39103.22,0.00,280.21,0.00,19.45,7.51,1037.24
2013,284,38897.37,0.00,261.92,0.00,18.86,8.09,1078.53
2013,285,38692.20,0.00,207.89,0.00,17.33,9.48,1185.49
2013,286,38487.73,0.00,163.73,0.00,12.45,6.74,983.45
2013,287,38284.03,5.80,196.48,0.00,12.58,2.02,706.24
2013,288,38081.12,12.72,134.23,0.00,9.70,3.40,779.20
2013,289,37879.05,0.00,156.44,0.00,9.67,4.27,828.74
2013,290,37677.88,5.74,177.50,0.00,10.32,1.22,667.16
2013,291,37477.63,0.00,181.45,0.00,9.50,3.07,761.12
2013,292,37278.37,4.63,150.22,0.00,8.00,0.69,642.15
2013,293,37080.14,3.05,126.68,0.00,7.00,0.98,655.68
2013,294,36882.99,4.05,98.78,0.00,5.04,0.49,632.76
2013,295,36686.98,0.00,130.33,0.00,4.26,-0.23,600.69
2013,296,36492.15,0.00,128.46,0.00,3.98,-0.41,592.63
2013,297,36298.56,0.00,183.12,0.00,6.47,-0.18,602.81
2013,298,36106.26,0.00,210.32,0.00,7.81,-0.35,595.48
2013,299,35915.32,0.00,150.19,0.00,6.28,0.99,655.89
2013,300,35725.80,0.00,181.66,0.00,6.86,0.21,619.88
2013,301,35537.74,0.00,179.04,0.00,3.46,-2.98,490.28
2013,302,35351.21,0.00,228.01,0.00,4.59,-4.91,424.26
2013,303,35166.29,2.59,174.06,0.00,7.19,-3.09,486.33
2013,304,34983.02,0.00,161.55,0.00,9.32,3.31,774.46
2013,305,34801.48,0.00,80.78,0.00,6.55,3.85,804.58
2013,306,34621.74,5.58,94.99,0.00,5.34,0.95,654.35
2013,307,34443.86,1.23,201.45,0.00,7.79,-0.64,583.00
2013,308,34267.91,11.85,122.45,0.00,8.41,2.00,705.48
2013,309,34093.96,0.00,171.66,0.00,7.53,0.56,635.81
2013,310,33922.09,0.00,108.05,0.00,3.53,-0.42,592.18
2013,311,33752.37,0.00,100.34,0.00,3.21,-0.33,596.20
2013,312,33584.88,6.28,112.79,0.00,4.28,-1.31,554.81
2013,313,33419.69,3.71,72.31,0.00,3.84,0.53,634.46
2013,314,33256.88,0.00,138.63,0.00,4.20,-0.78,576.96
2013,315,33096.53,0.00,116.26,0.00,-3.24,-7.18,356.50
2013,316,32938.72,0.00,183.69,0.00,-0.34,-7.86,338.29
2013,317,32783.52,0.00,217.04,0.00,7.68,-6.19,384.66
2013,318,32631.02,0.00,169.49,0.00,5.97,-1.23,558.01
2013,319,32481.31,0.00,181.99,0.00,7.52,-1.07,564.85
2013,320,32334.45,5.47,128.30,0.00,8.16,0.29,623.84
2013,321,32190.55,2.31,92.98,0.00,7.92,2.89,751.38
2013,322,32049.67,0.00,145.88,0.00,1.90,-4.19,448.01
2013,323,31911.90,0.00,195.68,0.00,4.78,-7.18,356.36
2013,324,31777.33,0.53,161.29,0.00,5.78,-2.02,526.68
2013,325,31646.04,0.00,154.98,0.00,3.81,-3.59,468.35
2013,326,31518.11,0.00,148.27,0.00,-1.85,-8.74,315.65
2013,327,31393.62,0.85,183.35,0.85,-6.70,-15.07,189.66
2013,328,31272.66,0.83,212.56,1.68,-0.95,-15.03,190.17
2013,329,31155.32,1.15,202.28,2.83,3.31,-9.24,303.63
2013,330,31041.66,0.00,110.16,2.83,-5.73,-10.23,280.64
2013,331,30931.77,2.70,121.50,5.53,-4.14,-11.73,248.96
2013,332,30825.72,2.17,92.61,7.70,-4.74,-9.96,286.73
2013,333,30723.61,4.69,142.53,12.39,-1.17,-12.00,243.66
2013,334,30625.49,0.00,153.03,12.39,0.24,-7.04,360.25
2013,335,30531.45,4.58,64.69,11.64,-0.54,-4.21,447.10
2013,336,30441.56,6.24,92.32,11.19,0.72,-4.92,423.94
2013,337,30355.88,1.31,97.62,10.74,-0.67,-4.93,423.41
2013,338,30274.49,14.02,79.80,10.65,-1.08,-5.80,396.49
2013,339,30197.44,0.00,125.35,10.65,-4.43,-10.14,282.71
2013,340,30124.81,0.00,122.38,10.65,-11.12,-16.67,165.96
2013,341,30056.65,0.00,133.07,10.65,-12.41,-18.71,139.59
2013,342,29993.02,2.65,140.05,13.31,-8.68,-22.25,102.61
2013,343,29933.97,0.00,174.82,13.31,-9.46,-20.52,119.39
2013,344,29879.55,0.00,148.20,13.31,-13.36,-21.35,111.04
2013,345,29829.81,0.00,122.07,13.31,-15.68,-21.82,106.51
2013,346,29784.79,0.00,162.39,13.31,-12.66,-22.42,101.02
2013,347,29744.53,0.00,155.52,13.31,-13.54,-22.40,101.22
2013,348,29709.07,7.61,126.56,20.91,-9.47,-20.17,123.05
2013,349,29678.43,3.02,124.14,23.94,-9.75,-20.08,124.01
2013,350,29652.65,3.09,131.78,27.03,-7.80,-20.17,123.01
2013,351,29631.74,0.00,165.94,27.03,-5.34,-16.31,170.98
2013,352,29615.73,0.70,169.11,27.73,-6.19,-17.94,149.05
2013,353,29604.64,0.00,140.13,27.73,-6.63,-14.70,195.44
2013,354,29598.46,0.00,163.06,27.73,-5.41,-16.21,172.39
2013,355,29597.20,1.65,129.89,29.38,-5.36,-12.69,230.53
2013,356,29600.88,3.21,95.44,32.59,-8.74,-15.78,178.70
2013,357,29609.47,0.00,120.05,32.59,-11.65,-18.08,147.24
2013,358,29622.99,3.09,133.13,35.69,-5.84,-18.97,136.51
2013,359,29641.40,0.00,144.50,35.69,-7.02,-15.23,187.05
2013,360,29664.71,0.00,140.21,35.69,-8.66,-16.50,168.26
2013,361,29692.88,1.87,188.11,37.56,0.26,-17.62,153.15
2013,362,29725.89,1.90,171.70,39.46,-0.46,-12.64,231.37
2013,363,29763.71,0.00,113.82,39.46,-14.31,-20.32,121.50
2013,364,29806.31,0.00,144.73,39.46,-16.63,-24.87,81.14
2013,365,29853.66,0.00,118.39,39.46,-19.43,-25.69,75.33
2014,1,29905.94,0.00,151.51,0.57,-17.07,-27.48,63.83
2014,2,29962.66,0.00,162.87,0.57,-14.75,-26.60,69.25
2014,3,30023.99,8.79,140.33,9.36,-5.58,-23.12,94.92
2014,4,30089.87,0.00,153.30,9.36,-7.48,-17.84,150.25
2014,5,30160.26,0.00,127.65,9.36,-18.39,-26.11,72.46
2014,6,30235.08,0.00,95.45,9.36,-22.40,-27.81,61.96
2014,7,30314.29,0.00,143.39,9.36,-17.82,-26.68,68.76
2014,8,30397.81,0.00,176.50,9.36,-12.91,-25.45,76.98
2014,9,30485.59,0.00,197.39,9.36,-6.18,-23.89,88.62
2014,10,30577.55,0.00,182.53,9.36,-1.01,-14.40,200.38
2014,11,30673.62,0.00,109.39,9.36,-0.16,-6.36,379.67
2014,12,30773.72,0.00,118.13,9.36,0.70,-6.02,389.69
2014,13,30877.80,0.00,134.67,9.36,0.15,-7.63,344.22
2014,14,30985.75,0.00,128.81,9.36,-6.69,-13.82,210.21
2014,15,31097.52,3.43,120.87,12.79,-7.06,-16.49,168.45
2014,16,31213.02,4.53,127.73,17.32,-3.66,-13.76,211.16
2014,17,31332.17,1.17,140.63,18.49,-7.95,-15.47,183.42
2014,18,31454.88,0.00,193.92,18.49,-4.24,-16.50,168.31
2014,19,31581.09,0.00,187.01,18.49,-3.80,-14.93,191.76
2014,20,31710.69,0.00,104.54,18.49,-15.90,-20.96,114.89
2014,21,31843.62,2.75,143.32,21.24,-14.01,-24.89,80.98
2014,22,31979.79,0.00,172.91,21.24,-14.06,-23.11,95.00
2014,23,32119.11,2.41,150.89,23.65,-12.70,-24.06,87.31
2014,24,32261.50,0.00,235.70,23.65,-3.97,-21.37,110.80
2014,25,32406.88,0.00,127.28,23.65,-13.74,-19.58,129.54
2014,26,32555.16,2.24,100.42,25.89,-14.54,-20.62,118.32
2014,27,32706.26,0.00,159.61,25.89,-18.04,-25.40,77.33
2014,28,32860.11,0.00,202.43,25.89,-15.63,-25.73,75.02
2014,29,33016.61,0.00,255.45,25.89,-3.76,-22.13,103.64
2014,30,33175.69,0.00,217.25,25.89,-6.71,-17.81,150.70
2014,31,33337.27,0.00,234.41,25.89,-11.18,-23.70,90.14
2014,32,33501.27,2.23,177.06,28.12,-9.54,-21.91,105.67
2014,33,33667.61,0.00,216.37,28.12,-10.42,-20.43,120.32
2014,34,33836.22,0.00,253.63,28.12,-5.82,-19.45,131.02
2014,35,34007.01,0.00,233.65,28.12,-7.74,-18.89,137.44
2014,36,34179.92,0.00,184.90,28.12,-12.13,-19.83,126.76
2014,37,34354.86,0.00,226.02,28.12,-10.89,-20.97,114.76
2014,38,34531.78,0.00,244.13,28.12,-8.75,-19.98,125.05
2014,39,34710.60,0.00,255.46,28.12,-9.72,-21.44,110.10
2014,40,34891.24,0.00,227.55,28.12,-11.33,-20.58,118.78
2014,41,35073.64,0.00,237.89,28.12,-13.01,-22.79,97.81
2014,42,35257.74,0.00,304.42,28.12,-7.03,-25.02,80.00
2014,43,35443.47,0.00,245.12,28.12,-5.94,-16.24,171.98
2014,44,35630.76,6.96,159.59,35.08,-6.10,-14.32,201.68
2014,45,35819.55,0.00,234.78,35.08,-9.52,-18.67,140.00
2014,46,36009.79,3.55,188.96,38.63,-11.69,-21.58,108.82
2014,47,36201.40,0.00,270.87,38.63,-9.94,-20.96,114.91
2014,48,36394.35,6.54,224.73,45.17,-4.42,-17.51,154.55
2014,49,36588.56,0.00,299.42,45.17,1.12,-11.88,246.10
2014,50,36783.98,0.00,289.36,45.17,2.46,-9.68,293.24
2014,51,36980.57,16.05,183.51,61.22,2.22,-6.74,368.75
2014,52,37178.26,0.00,234.12,61.22,-0.45,-8.68,317.13
2014,53,37377.01,0.00,209.61,61.22,-7.44,-14.32,201.71
2014,54,37576.76,0.00,147.12,61.22,-10.38,-14.77,194.38
2014,55,37777.47,0.00,232.09,61.22,-9.38,-16.67,165.96
2014,56,37979.09,0.00,231.25,61.22,-13.10,-20.23,122.43
2014,57,38181.58,0.00,282.34,61.22,-12.49,-21.66,108.00
2014,58,38384.89,0.00,304.56,61.22,-16.83,-26.87,67.55
2014,59,38588.98,0.00,353.05,61.22,-13.62,-26.39,70.62
2014,60,38793.80,0.00,302.02,61.22,-15.13,-24.49,83.95
2014,61,38999.32,0.00,384.32,61.22,-13.36,-28.44,58.41
2014,62,39205.49,0.00,407.37,61.22,-8.49,-27.43,64.14
2014,63,39412.27,0.00,378.52,61.22,-6.98,-21.06,113.87
2014,64,39619.63,0.00,366.17,61.22,-10.03,-22.63,99.20
2014,65,39827.53,0.00,412.58,61.22,-1.09,-19.04,135.69
2014,66,40035.94,0.00,323.71,61.22,-0.43,-10.64,271.73
2014,67,40244.81,0.00,327.82,61.22,-2.06,-12.26,238.69
2014,68,40454.11,0.00,415.82,61.22,3.86,-13.11,222.75
2014,69,40663.82,0.00,421.43,61.22,11.50,-6.79,354.40
2014,70,40873.89,0.00,336.73,61.22,4.39,-6.30,381.35
2014,71,41084.29,0.00,327.98,61.22,-6.90,-16.74,164.88
2014,72,41294.99,0.00,445.86,61.22,2.78,-16.52,167.97
2014,73,41505.96,0.00,359.66,61.22,3.83,-7.51,347.46
2014,74,41717.17,0.00,264.25,61.22,-7.17,-14.38,200.73
2014,75,41928.59,2.05,330.06,63.26,-6.20,-22.42,100.99
2014,76,42140.18,3.07,303.68,66.34,-3.58,-16.78,164.44
2014,77,42351.92,4.22,180.25,70.56,-1.87,-8.24,328.24
2014,78,42563.78,0.00,239.88,70.13,1.26,-4.98,421.80
2014,79,42775.73,0.00,300.03,70.06,2.09,-5.82,395.63
2014,80,42987.73,6.23,285.79,76.29,0.70,-9.94,287.26
2014,81,43199.77,0.00,294.58,76.29,-6.07,-13.40,217.54
2014,82,43411.80,0.00,451.66,76.29,-5.19,-19.21,133.75
2014,83,43623.81,0.00,484.71,76.29,-2.99,-20.09,121.36
2014,84,43835.75,0.00,417.26,76.29,-5.48,-17.65,152.71
2014,85,44047.61,3.19,340.37,79.48,-2.67,-16.97,161.84
2014,86,44259.35,6.33,274.27,85.80,-0.19,-10.18,281.90
2014,87,44470.95,0.00,371.04,85.80,2.78,-7.41,347.14
2014,88,44682.37,0.00,431.73,85.80,3.44,-9.29,282.42
2014,89,44893.58,0.00,449.34,85.57,8.24,-5.45,346.43
2014,90,45104.55,6.42,198.79,83.45,5.78,-0.94,570.35
2014,91,45315.25,3.51,208.14,82.68,2.62,-4.18,448.26
2014,92,45525.65,0.00,468.44,82.68,3.44,-10.12,266.52
2014,93,45735.72,10.65,267.52,93.33,0.61,-8.00,334.42
2014,94,45945.43,0.00,231.92,92.54,1.03,-4.12,450.26
2014,95,46154.73,0.00,544.54,92.54,5.90,-12.39,203.51
2014,96,46363.61,0.00,491.54,92.54,7.71,-6.10,333.81
2014,97,46572.01,1.40,402.59,90.93,7.73,-2.16,483.68
2014,98,46779.91,0.00,443.47,88.82,10.27,-0.97,493.09
2014,99,46987.28,0.00,495.16,87.27,11.08,-2.32,418.88
2014,100,47194.06,0.00,461.72,84.95,11.28,-0.47,493.14
2014,101,47400.23,0.00,503.92,83.40,11.51,-2.32,410.75
2014,102,47605.75,0.00,260.95,81.61,3.67,-1.74,537.55
2014,103,47810.57,0.00,401.34,79.42,8.22,-0.77,528.97
2014,104,48014.66,0.00,262.15,78.89,0.52,-4.75,429.44
2014,105,48217.97,0.00,445.83,78.89,-0.29,-10.09,281.31
2014,106,48420.46,13.30,338.51,92.19,0.05,-9.63,294.48
2014,107,48622.09,7.59,236.20,91.68,1.33,-4.79,427.97
2014,108,48822.80,0.00,378.09,90.50,4.48,-3.19,482.64
2014,109,49022.56,5.44,277.33,88.96,5.09,-2.34,514.18
2014,110,49221.31,0.00,538.69,86.80,12.82,-0.86,462.68
2014,111,49419.00,0.00,551.54,84.34,14.68,-0.12,469.51
2014,112,49615.59,0.00,472.86,82.14,9.85,-0.76,505.84
2014,113,49811.01,0.00,509.52,80.70,9.20,-2.58,431.53
2014,114,50005.23,14.23,250.98,78.42,5.88,-0.58,585.54
2014,115,50198.17,0.00,213.34,75.75,4.16,0.36,626.91
2014,116,50389.80,0.00,353.94,73.59,5.74,-0.85,573.82
2014,117,50580.04,0.00,412.61,71.61,6.61,-1.30,544.47
2014,118,50768.83,0.00,361.59,68.47,8.11,1.47,679.34
2014,119,50956.13,6.02,199.28,65.06,6.66,2.12,711.55
2014,120,51141.86,4.99,178.00,61.56,6.33,2.35,723.29
2014,121,51325.96,0.00,273.72,57.97,7.16,2.53,732.78
2014,122,51508.36,0.00,418.48,54.76,9.16,1.65,667.80
2014,123,51689.01,0.00,498.99,51.41,11.85,1.97,615.06
2014,124,51867.83,0.00,485.26,48.34,10.81,1.31,600.31
2014,125,52044.75,0.00,481.97,46.10,8.35,-0.67,536.11
2014,126,52219.70,0.00,531.50,44.00,9.66,-1.00,494.18
2014,127,52392.61,8.61,358.34,40.23,12.01,2.98,747.75
2014,128,52563.41,15.77,328.29,36.08,11.71,3.87,805.57
2014,129,52732.02,3.43,362.33,32.16,12.37,3.34,776.06
2014,130,52898.37,0.00,570.15,28.10,16.88,3.67,672.12
2014,131,53062.37,3.59,422.56,23.99,16.81,3.79,769.89
2014,132,53223.96,15.68,289.95,19.81,10.54,3.95,810.21
2014,133,53383.04,0.00,485.41,15.89,12.53,3.33,758.82
2014,134,53539.55,0.00,499.88,12.75,11.21,1.48,666.87
2014,135,53693.40,0.00,408.39,9.63,8.46,1.42,676.61
2014,136,53844.51,0.00,459.26,7.29,7.80,-0.42,592.28
2014,137,53992.80,0.00,597.33,5.36,14.51,-1.42,478.58
2014,138,54138.19,0.00,588.30,1.81,18.50,2.45,609.52
2014,139,54280.58,12.93,362.04,0.00,15.92,3.63,792.18
2014,140,54419.91,5.61,248.46,0.00,11.85,5.29,889.63
2014,141,54556.08,0.00,505.30,0.00,17.73,4.25,764.28
2014,142,54689.02,0.00,502.59,0.00,17.72,4.48,747.14
2014,143,54818.63,0.00,513.94,0.00,17.88,3.73,701.48
2014,144,54944.84,0.00,527.32,0.00,20.93,4.61,718.00
2014,145,55067.57,0.00,521.58,0.00,24.15,7.33,847.08
2014,146,55186.72,0.00,528.52,0.00,29.05,9.34,930.04
2014,147,55302.23,0.00,428.44,0.00,17.38,6.71,925.60
2014,148,55414.01,0.00,465.57,0.00,16.86,4.48,772.86
2014,149,55521.97,0.00,494.79,0.00,19.23,4.64,747.60
2014,150,55626.05,0.00,460.33,0.00,19.29,6.40,867.86
2014,151,55726.17,7.98,311.78,0.00,18.81,7.64,1046.44
2014,152,55822.25,16.87,227.16,0.00,17.17,9.79,1209.98
2014,153,55914.21,29.75,206.37,0.00,15.58,9.08,1153.93
2014,154,56002.00,0.00,484.81,0.00,21.32,6.40,936.69
2014,155,56085.53,0.00,472.79,0.00,20.84,6.57,957.91
2014,156,56164.75,2.11,359.00,0.00,20.44,5.73,917.56
2014,157,56239.59,0.00,484.38,0.00,22.29,6.78,958.40
2014,158,56309.98,5.69,287.29,0.00,17.09,6.85,991.41
2014,159,56375.87,0.00,466.75,0.00,18.31,4.19,823.73
2014,160,56437.21,0.00,397.71,0.00,15.93,5.20,883.98
2014,161,56493.94,0.00,459.52,0.00,18.87,5.15,881.07
2014,162,56546.02,1.53,456.73,0.00,19.87,5.96,932.31
2014,163,56593.39,6.84,230.25,0.00,14.89,7.02,1003.11
2014,164,56636.02,0.00,461.78,0.00,20.25,5.93,930.13
2014,165,56673.88,5.37,203.24,0.00,12.45,5.63,910.78
2014,166,56706.92,7.78,256.98,0.00,16.75,7.60,1043.24
2014,167,56735.12,0.00,470.00,0.00,22.74,7.59,1042.74
2014,168,56758.46,0.00,419.71,0.00,23.16,10.64,1281.28
2014,169,56776.91,0.00,337.94,0.00,20.18,11.09,1320.01
2014,170,56790.45,0.00,388.99,0.00,19.01,8.17,1084.37
2014,171,56799.08,18.32,180.88,0.00,14.89,8.93,1141.98
2014,172,56802.79,1.37,266.40,0.00,14.15,7.65,1047.00
2014,173,56801.57,3.60,283.46,0.00,17.09,7.24,1017.75
2014,174,56795.42,0.00,425.53,0.00,19.69,7.93,1067.44
2014,175,56784.35,11.55,217.03,0.00,14.39,7.59,1042.75
2014,176,56768.38,0.00,375.27,0.00,16.46,7.33,1024.10
2014,177,56747.50,0.00,475.81,0.00,18.57,5.07,876.08
2014,178,56721.75,7.07,343.95,0.00,21.10,8.14,1082.75
2014,179,56691.15,2.68,344.16,0.00,25.15,11.52,1358.08
2014,180,56655.72,3.93,297.78,0.00,23.32,12.79,1476.88
2014,181,56615.49,0.00,446.01,0.00,24.74,11.86,1389.03
2014,182,56570.50,0.00,447.92,0.00,23.43,10.50,1269.40
2014,183,56520.79,0.00,459.07,0.00,22.28,8.75,1127.92
2014,184,56466.40,0.00,442.03,0.00,20.60,8.20,1087.11
2014,185,56407.38,6.94,360.22,0.00,22.00,7.31,1022.99
2014,186,56343.78,30.67,309.00,0.00,21.35,10.22,1245.28
2014,187,56275.65,9.28,314.57,0.00,22.31,10.86,1299.94
2014,188,56203.05,6.39,366.86,0.00,26.75,10.37,1258.48
2014,189,56126.03,2.35,183.45,0.00,14.22,8.65,1120.62
2014,190,56044.67,0.00,425.34,0.00,19.77,8.39,1101.13
2014,191,55959.02,0.00,478.48,0.00,21.22,6.95,998.22
2014,192,55869.15,6.78,265.46,0.00,19.14,10.43,1262.90
2014,193,55775.14,0.00,444.03,0.00,22.95,10.26,1248.92
2014,194,55677.05,4.12,308.79,0.00,20.86,9.94,1222.43
2014,195,55574.96,6.00,271.90,0.00,16.47,7.57,1041.61
2014,196,55468.94,0.00,408.05,0.00,19.32,8.58,1115.48
2014,197,55359.08,0.00,474.71,0.00,22.47,8.08,1078.16
2014,198,55245.44,0.00,471.12,0.00,21.88,7.74,1053.39
2014,199,55128.12,0.00,418.82,0.00,21.59,10.01,1228.22
2014,200,55007.18,0.00,359.41,0.00,20.41,11.18,1327.41
2014,201,54882.72,0.00,365.91,0.00,22.28,12.54,1452.48
2014,202,54754.81,26.44,313.81,0.00,27.50,14.72,1673.67
2014,203,54623.54,15.09,293.50,0.00,24.59,13.41,1537.60
2014,204,54488.99,0.00,339.66,0.00,20.12,11.29,1337.71
2014,205,54351.25,0.00,439.58,0.00,21.92,8.79,1131.63
2014,206,54210.39,3.82,294.50,0.00,21.20,10.17,1241.57
2014,207,54066.50,12.37,337.45,0.00,26.86,12.10,1410.97
2014,208,53919.67,5.72,287.97,0.00,22.10,11.28,1336.65
2014,209,53769.97,5.17,316.95,0.00,22.46,9.95,1223.18
2014,210,53617.49,7.11,284.34,0.00,21.44,10.85,1298.86
2014,211,53462.31,4.60,288.44,0.00,19.45,8.88,1138.03
2014,212,53304.51,0.00,447.64,0.00,24.31,10.07,1233.00
2014,213,53144.18,0.00,389.72,0.00,20.99,10.03,1229.51
2014,214,52981.38,0.00,421.32,0.00,22.41,9.84,1214.51
2014,215,52816.21,0.00,380.64,0.00,23.19,12.36,1435.49
2014,216,52648.73,0.00,317.25,0.00,20.73,12.38,1437.32
2014,217,52479.03,5.72,294.34,0.00,21.79,10.65,1281.46
2014,218,52307.17,0.00,375.52,0.00,22.66,12.20,1420.55
2014,219,52133.24,0.00,425.13,0.00,23.83,10.73,1288.65
2014,220,51957.31,0.00,415.50,0.00,24.38,11.58,1363.78
2014,221,51779.44,0.00,392.17,0.00,25.39,13.56,1552.30
2014,222,51599.70,10.76,283.71,0.00,25.14,13.83,1580.15
2014,223,51418.18,0.00,238.62,0.00,20.60,14.45,1644.49
2014,224,51234.92,0.00,426.91,0.00,23.87,10.38,1259.29
2014,225,51050.00,0.00,361.24,0.00,20.90,10.72,1287.64
2014,226,50863.49,0.00,387.46,0.00,19.98,8.78,1130.81
2014,227,50675.44,4.77,338.35,0.00,24.54,8.93,1141.85
2014,228,50485.92,0.00,350.56,0.00,21.24,11.35,1342.66
2014,229,50294.99,0.00,262.30,0.00,17.64,10.91,1304.04
2014,230,50102.71,8.02,177.55,0.00,16.62,10.67,1283.87
2014,231,49909.13,5.01,107.68,0.00,16.51,13.06,1502.99
2014,232,49714.30,0.00,198.54,0.00,18.63,13.74,1570.93
2014,233,49518.30,0.00,249.63,0.00,20.39,14.11,1608.80
2014,234,49321.15,0.00,260.07,0.00,21.03,14.41,1641.17
2014,235,49122.93,0.00,237.18,0.00,21.88,15.93,1809.21
2014,236,48923.68,20.60,192.71,0.00,23.21,16.67,1895.99
2014,237,48723.44,0.00,350.50,0.00,26.45,16.49,1874.81
2014,238,48522.27,0.00,333.03,0.00,20.30,11.72,1376.12
2014,239,48320.21,0.00,329.77,0.00,19.22,10.88,1301.70
2014,240,48117.31,0.00,385.53,0.00,20.17,9.49,1185.89
2014,241,47913.61,15.22,178.78,0.00,17.69,12.09,1410.31
2014,242,47709.15,0.00,223.77,0.00,18.66,13.49,1545.48
2014,243,47503.98,11.38,266.89,0.00,20.23,10.97,1309.28
2014,244,47298.13,7.21,258.34,0.00,21.59,12.62,1460.61
2014,245,47091.65,6.02,270.16,0.00,21.51,11.87,1389.48
2014,246,46884.57,2.81,293.39,0.00,22.52,11.01,1312.46
2014,247,46676.94,3.34,262.87,0.00,21.80,12.31,1430.57
2014,248,46468.78,0.00,294.41,0.00,19.98,12.68,1465.70
2014,249,46260.14,0.00,391.89,0.00,20.90,9.36,1175.56
2014,250,46051.05,0.00,352.04,0.00,18.76,9.47,1184.53
2014,251,45841.54,0.00,391.21,0.00,21.58,9.75,1206.80
2014,252,45631.65,17.72,293.60,0.00,21.52,9.46,1183.96
2014,253,45421.41,15.37,115.27,0.00,9.52,6.20,947.84
2014,254,45210.86,0.00,311.79,0.00,11.51,4.08,817.59
2014,255,45000.02,0.00,320.17,0.00,11.10,3.39,778.90
2014,256,44788.92,0.00,343.24,0.00,13.31,4.57,846.43
2014,257,44577.61,3.31,265.13,0.00,14.77,5.52,904.34
2014,258,44366.10,0.00,371.78,0.00,15.46,5.05,874.71
2014,259,44154.43,0.00,400.22,0.00,18.62,5.04,874.21
2014,260,43942.62,0.00,204.60,0.00,10.28,5.64,911.54
2014,261,43730.72,0.00,319.45,0.00,11.01,2.73,742.96
2014,262,43518.74,11.09,268.80,0.00,16.64,5.68,914.07
2014,263,43306.71,1.25,335.31,0.00,20.68,10.25,1248.31
2014,264,43094.68,0.00,252.47,0.00,13.93,7.34,1025.03
2014,265,42882.65,0.00,378.96,0.00,18.78,4.56,845.36
2014,266,42670.67,0.00,351.14,0.00,20.22,7.79,1056.85
2014,267,42458.77,0.00,339.63,0.00,18.93,7.26,1019.14
2014,268,42246.96,0.00,287.43,0.00,18.01,9.11,1156.36
2014,269,42035.29,0.00,330.18,0.00,21.15,9.23,1165.44
2014,270,41823.78,0.00,340.49,0.00,22.70,9.30,1170.83
2014,271,41612.46,6.21,255.33,0.00,22.34,8.42,1103.46
2014,272,41401.37,0.00,190.40,0.00,10.10,4.54,844.49
2014,273,41190.53,0.00,250.83,0.00,11.63,3.82,802.65
2014,274,40979.97,10.70,193.63,0.00,12.47,4.22,825.58
2014,275,40769.73,10.69,107.06,0.00,13.94,9.71,1203.54
2014,276,40559.84,4.82,131.20,0.00,13.73,8.50,1109.51
2014,277,40350.33,6.06,90.20,0.00,6.71,3.39,778.68
2014,278,40141.23,0.00,232.09,0.00,8.72,1.67,688.79
2014,279,39932.59,0.00,259.00,0.00,10.61,2.30,720.80
2014,280,39724.43,1.18,186.27,0.00,8.78,3.31,774.33
2014,281,39516.79,0.83,251.82,0.00,9.38,1.39,675.06
2014,282,39309.71,0.00,236.44,0.00,10.26,2.87,750.64
2014,283,39103.22,0.00,270.66,0.00,11.15,1.75,693.13
2014,284,38897.37,0.00,282.97,0.00,10.70,0.27,622.92
2014,285,38692.20,0.00,307.27,0.00,14.12,0.58,637.03
2014,286,38487.73,0.00,231.69,0.00,12.04,3.94,809.69
2014,287,38284.03,0.00,242.89,0.00,15.97,6.86,991.57
2014,288,38081.12,0.00,255.49,0.00,13.34,3.52,785.92
2014,289,37879.05,0.00,264.92,0.00,10.97,0.57,636.64
2014,290,37677.88,6.71,141.51,0.00,9.17,2.69,740.84
2014,291,37477.63,0.00,159.18,0.00,6.31,1.03,658.14
2014,292,37278.37,1.75,270.21,0.00,10.34,-1.29,555.91
2014,293,37080.14,0.58,225.06,0.00,10.81,2.21,716.24
2014,294,36882.99,0.00,159.81,0.00,7.98,2.42,727.07
2014,295,36686.98,1.04,264.92,0.00,11.33,-0.80,575.95
2014,296,36492.15,1.31,197.28,0.00,10.02,2.69,740.86
2014,297,36298.56,0.00,220.49,0.00,16.24,7.04,1003.87
2014,298,36106.26,0.00,183.55,0.00,14.50,7.42,1030.51
2014,299,35915.32,3.31,150.92,0.00,11.38,3.52,786.18
2014,300,35725.80,2.45,138.43,0.00,10.32,3.40,779.07
2014,301,35537.74,3.64,86.21,0.00,8.36,4.46,839.86
2014,302,35351.21,0.00,147.14,0.00,7.98,2.80,746.59
2014,303,35166.29,2.65,106.19,0.00,6.50,1.55,683.20
2014,304,34983.02,0.00,184.93,0.00,3.92,-2.96,490.99
2014,305,34801.48,0.00,239.39,0.00,5.75,-5.96,391.67
2014,306,34621.74,0.00,231.25,0.00,8.20,-3.28,479.42
2014,307,34443.86,2.10,151.63,0.00,9.54,0.28,623.46
2014,308,34267.91,0.00,143.33,0.00,6.90,1.15,663.92
2014,309,34093.96,0.00,59.20,0.00,4.11,2.00,705.59
2014,310,33922.09,0.00,131.91,0.00,5.34,0.09,614.79
2014,311,33752.37,5.53,129.41,0.00,4.21,-3.23,481.16
2014,312,33584.88,3.09,105.38,0.00,2.55,-3.19,482.74
2014,313,33419.69,0.00,143.77,0.00,-0.05,-5.91,392.93
2014,314,33256.88,7.89,129.05,7.89,-1.25,-7.65,343.87
2014,315,33096.53,6.47,81.90,14.36,-2.86,-6.53,374.82
2014,316,32938.72,0.00,131.95,14.36,-1.95,-6.51,375.45
2014,317,32783.52,0.00,134.49,14.36,-2.48,-7.13,357.92
2014,318,32631.02,0.00,194.74,14.36,-1.32,-9.04,308.51
2014,319,32481.31,0.00,203.10,14.36,-2.90,-11.29,257.95
2014,320,32334.45,0.00,199.71,14.36,-2.76,-11.18,260.24
2014,321,32190.55,0.00,132.30,14.36,-7.30,-12.06,242.51
2014,322,32049.67,0.00,140.62,14.36,-7.32,-12.41,235.77
2014,323,31911.90,0.00,181.78,14.36,-5.46,-12.84,227.71
2014,324,31777.33,0.00,170.39,14.36,-8.21,-14.99,190.86
2014,325,31646.04,0.00,226.06,14.36,0.77,-15.70,180.01
2014,326,31518.11,1.19,203.53,15.54,3.93,-6.89,364.66
2014,327,31393.62,3.59,123.40,13.59,6.02,-1.35,553.09
2014,328,31272.66,5.15,113.04,12.59,2.84,-3.60,468.09
2014,329,31155.32,0.00,155.51,12.59,-4.21,-10.85,267.18
2014,330,31041.66,2.05,148.74,14.64,-4.64,-15.54,182.41
2014,331,30931.77,0.00,157.42,14.64,-10.98,-17.99,148.41
2014,332,30825.72,0.00,204.33,14.64,-3.46,-17.41,155.86
2014,333,30723.61,0.00,181.24,14.64,0.75,-9.39,300.00
2014,334,30625.49,0.00,139.99,14.64,-5.15,-11.70,249.54
2014,335,30531.45,0.00,180.87,14.64,-8.70,-18.84,138.02
2014,336,30441.56,0.00,186.41,14.64,-4.90,-16.36,170.26
2014,337,30355.88,0.00,155.71,14.64,-6.16,-14.07,205.90
2014,338,30274.49,0.00,195.17,14.64,-1.20,-17.15,159.38
2014,339,30197.44,0.00,182.54,14.64,1.64,-11.17,260.57
2014,340,30124.81,0.00,162.62,14.64,-0.59,-10.50,274.85
2014,341,30056.65,4.59,119.36,19.23,1.92,-7.85,338.44
2014,342,29993.02,2.09,88.79,18.63,1.83,-4.58,434.85
2014,343,29933.97,0.00,108.01,18.63,-3.09,-8.74,315.74
2014,344,29879.55,0.00,108.21,18.63,-1.21,-6.94,363.19
2014,345,29829.81,0.00,132.85,18.63,0.02,-7.60,345.07
2014,346,29784.79,0.00,154.31,18.63,2.12,-7.85,338.47
2014,347,29744.53,0.00,148.27,18.26,4.51,-5.11,417.90
2014,348,29709.07,8.53,62.20,15.98,4.02,-0.58,585.57
2014,349,29678.43,12.83,79.63,13.67,5.63,-0.49,589.23
2014,350,29652.65,9.53,37.84,13.48,-3.01,-5.55,403.93
2014,351,29631.74,0.00,67.56,13.48,-4.77,-8.26,327.71
2014,352,29615.73,0.00,158.74,13.48,-2.56,-13.32,219.03
2014,353,29604.64,0.00,156.77,13.48,-1.81,-12.44,235.23
2014,354,29598.46,0.00,128.29,13.48,0.58,-7.19,356.30
2014,355,29597.20,3.90,62.95,12.01,2.04,-2.50,508.20
2014,356,29600.88,4.25,44.72,9.75,2.45,-0.63,583.23
2014,357,29609.47,3.56,26.83,7.10,1.96,0.32,624.92
2014,358,29622.99,0.00,35.23,4.61,1.51,-0.06,607.94
2014,359,29641.40,0.00,49.56,2.43,1.57,-0.81,575.66
2014,360,29664.71,0.00,58.28,0.64,1.01,-1.75,537.12
2014,361,29692.88,0.00,76.26,0.57,-2.24,-5.83,395.54
2014,362,29725.89,0.00,107.56,0.57,-7.66,-12.69,230.52
2014,363,29763.71,0.00,133.12,0.57,-12.21,-18.65,140.32
2014,364,29806.31,0.00,110.63,0.57,-14.87,-19.87,126.34
2014,365,29853.66,0.00,180.12,0.57,-8.32,-20.33,121.38
2015,1,29905.94,0.00,157.17,4.87,-5.62,-16.22,172.35
2015,2,29962.66,3.07,118.77,7.95,-4.88,-15.52,182.61
2015,3,30023.99,4.53,132.50,12.47,-1.92,-15.42,184.19
2015,4,30089.87,0.00,65.44,12.47,-18.20,-21.62,108.46
2015,5,30160.26,0.00,172.21,12.47,-14.73,-26.45,70.22
2015,6,30235.08,0.00,173.50,12.47,-13.90,-25.61,75.82
2015,7,30314.29,0.00,152.61,12.47,-15.38,-24.50,83.88
2015,8,30397.81,2.87,127.45,15.34,-9.99,-20.81,116.35
2015,9,30485.59,0.00,90.85,15.34,-15.31,-19.97,125.16
2015,10,30577.55,0.00,162.25,15.34,-9.83,-19.46,130.84
2015,11,30673.62,0.00,147.59,15.34,-11.73,-19.90,125.98
2015,12,30773.72,0.00,130.97,15.34,-13.89,-20.76,116.89
2015,13,30877.80,0.00,197.59,15.34,-7.05,-20.97,114.80
2015,14,30985.75,0.00,180.58,15.34,-3.21,-14.25,202.90
2015,15,31097.52,0.00,202.14,15.34,1.21,-13.30,219.31
2015,16,31213.02,0.00,200.59,15.34,-3.88,-17.15,159.37
2015,17,31332.17,2.06,139.83,17.41,-0.51,-11.57,252.35
2015,18,31454.88,1.75,125.21,19.16,-1.77,-7.91,336.94
2015,19,31581.09,0.00,147.99,19.16,-4.88,-12.22,239.37
2015,20,31710.69,0.00,167.54,19.16,-2.74,-11.36,256.47
2015,21,31843.62,0.00,146.81,19.16,-2.12,-9.26,303.15
2015,22,31979.79,0.00,213.35,19.16,0.20,-12.90,226.55
2015,23,32119.11,0.00,202.35,19.16,4.58,-6.92,363.72
2015,24,32261.50,0.00,159.16,19.11,1.74,-5.89,393.79
2015,25,32406.88,1.63,187.43,20.74,-5.57,-14.72,195.14
2015,26,32555.16,3.42,134.37,24.17,-3.66,-12.06,242.47
2015,27,32706.26,0.00,138.25,24.17,-1.20,-7.20,355.92
2015,28,32860.11,0.00,132.42,24.01,0.00,-5.64,401.21
2015,29,33016.61,0.00,173.04,24.01,-0.88,-8.53,320.96
2015,30,33175.69,0.00,229.46,24.01,-6.19,-17.86,150.01
2015,31,33337.27,0.00,227.02,24.01,-6.23,-17.32,157.13
2015,32,33501.27,0.00,189.46,24.01,-11.85,-19.79,127.20
2015,33,33667.61,0.00,224.33,24.01,-9.43,-19.47,130.77
2015,34,33836.22,0.00,201.07,24.01,-9.38,-17.74,151.62
2015,35,34007.01,0.00,196.83,24.01,-12.91,-20.73,117.21
2015,36,34179.92,0.00,281.28,24.01,-5.55,-22.80,97.73
2015,37,34354.86,3.00,159.28,27.01,-7.94,-16.48,168.55
2015,38,34531.78,2.93,98.60,29.95,-7.34,-11.94,244.76
2015,39,34710.60,0.00,140.24,29.95,-8.02,-12.88,226.89
2015,40,34891.24,0.00,258.85,29.95,-5.09,-16.10,174.03
2015,41,35073.64,10.19,183.65,40.14,-2.44,-12.12,241.41
2015,42,35257.74,0.00,208.18,40.14,-4.53,-11.98,244.04
2015,43,35443.47,0.00,247.81,40.14,-12.80,-21.89,105.92
2015,44,35630.76,0.00,288.17,40.14,-8.31,-20.27,122.00
2015,45,35819.55,0.00,154.42,40.14,-16.49,-21.18,112.73
2015,46,36009.79,0.00,302.56,40.14,-13.84,-25.90,73.84
2015,47,36201.40,0.00,314.00,40.14,-9.47,-22.57,99.72
2015,48,36394.35,0.00,232.76,40.14,-14.00,-21.36,110.96
2015,49,36588.56,0.00,180.58,40.14,-19.22,-24.47,84.14
2015,50,36783.98,0.00,319.16,40.14,-15.86,-28.10,60.26
2015,51,36980.57,2.56,253.44,42.70,-10.46,-24.79,81.75
2015,52,37178.26,0.00,314.20,42.70,-9.36,-20.69,117.59
2015,53,37377.01,0.00,279.19,42.70,-17.82,-26.58,69.41
2015,54,37576.76,2.64,279.84,45.34,-7.13,-28.54,57.85
2015,55,37777.47,0.00,372.47,45.34,-4.82,-24.13,86.71
2015,56,37979.09,0.00,321.86,45.34,-11.88,-23.29,93.55
2015,57,38181.58,0.00,360.36,45.34,-11.07,-26.06,72.82
2015,58,38384.89,0.00,376.88,45.34,-6.63,-24.22,86.04
2015,59,38588.98,0.00,366.24,45.34,-4.69,-20.28,121.87
2015,60,38793.80,0.00,343.31,45.34,-2.63,-15.65,180.70
2015,61,38999.32,0.00,302.54,45.34,-2.57,-12.78,228.85
2015,62,39205.49,4.23,254.55,49.57,-1.50,-13.74,211.61
2015,63,39412.27,0.00,188.41,49.57,-13.56,-18.97,136.42
2015,64,39619.63,0.00,381.44,49.57,-7.80,-22.66,98.87
2015,65,39827.53,0.00,409.60,49.57,1.09,-18.14,146.49
2015,66,40035.94,1.17,333.77,50.74,1.01,-10.26,280.03
2015,67,40244.81,0.00,391.89,50.74,3.86,-11.74,248.85
2015,68,40454.11,0.00,326.16,50.43,5.79,-5.26,412.88
2015,69,40663.82,0.00,409.01,49.71,14.29,-4.30,444.19
2015,70,40873.89,0.00,322.25,48.69,7.42,-3.56,469.50
2015,71,41084.29,0.00,229.90,46.79,5.58,-1.48,548.05
2015,72,41294.99,0.00,213.39,44.17,6.68,0.23,621.18
2015,73,41505.96,0.00,220.74,41.68,6.52,-0.07,607.47
2015,74,41717.17,0.00,388.82,40.62,10.75,-3.48,460.37
2015,75,41928.59,0.00,326.93,38.93,8.69,-1.96,528.87
2015,76,42140.18,0.00,235.18,37.95,3.15,-3.67,465.64
2015,77,42351.92,0.00,321.93,37.95,1.62,-8.09,332.18
2015,78,42563.78,0.00,357.70,37.95,3.86,-7.41,328.94
2015,79,42775.73,0.00,398.49,37.71,8.27,-5.43,342.47
2015,80,42987.73,0.00,253.94,37.71,-2.34,-9.44,298.79
2015,81,43199.77,0.00,342.03,37.71,-1.89,-11.91,245.42
2015,82,43411.80,0.00,370.64,37.71,0.33,-10.81,257.09
2015,83,43623.81,0.00,408.66,37.71,4.84,-8.21,235.44
2015,84,43835.75,5.21,208.43,37.31,2.35,-5.05,419.73
2015,85,44047.61,0.00,246.60,37.31,-1.74,-7.86,338.24
2015,86,44259.35,0.00,387.90,37.31,-3.90,-14.47,176.95
2015,87,44470.95,0.00,481.10,37.31,2.69,-13.59,145.41
2015,88,44682.37,5.55,334.45,42.86,5.43,-7.75,270.87
2015,89,44893.58,0.00,323.62,40.82,6.82,-1.13,458.43
2015,90,45104.55,1.69,233.31,39.47,2.50,-2.79,492.97
2015,91,45315.25,0.00,408.86,37.92,8.24,-2.32,361.77
2015,92,45525.65,0.00,489.55,35.77,14.48,-0.87,305.99
2015,93,45735.72,0.00,279.99,35.42,1.20,-5.18,387.48
2015,94,45945.43,0.00,405.14,35.42,3.40,-6.54,264.55
2015,95,46154.73,0.00,362.53,35.42,0.07,-8.08,269.19
2015,96,46363.61,0.00,402.21,35.42,2.82,-6.47,268.47
2015,97,46572.01,3.01,244.66,34.40,3.34,-3.57,429.80
2015,98,46779.91,4.21,202.03,32.68,3.55,-1.90,529.76
2015,99,46987.28,5.92,127.42,30.33,2.75,-0.39,593.73
2015,100,47194.06,0.00,425.87,27.90,8.93,-0.22,402.43
2015,101,47400.23,0.00,531.72,26.24,13.11,-2.04,267.56
2015,102,47605.75,8.10,402.05,23.32,17.68,0.94,394.76
2015,103,47810.57,0.00,424.72,19.06,13.90,4.15,546.49
2015,104,48014.66,0.00,525.77,16.27,15.66,0.65,347.18
2015,105,48217.97,0.00,528.56,13.72,15.37,0.08,332.68
2015,106,48420.46,0.00,499.24,10.58,14.73,1.47,389.20
2015,107,48622.09,0.00,512.56,6.89,17.13,2.79,396.45
2015,108,48822.80,0.00,386.24,3.88,9.72,1.16,488.23
2015,109,49022.56,18.61,223.82,0.89,7.26,1.11,643.60
2015,110,49221.31,6.49,80.40,0.00,3.61,1.51,681.31
2015,111,49419.00,1.78,169.06,0.00,2.99,-0.51,588.28
2015,112,49615.59,0.00,234.54,0.00,1.01,-3.84,459.85
2015,113,49811.01,0.00,428.52,0.00,6.64,-3.91,398.02
2015,114,50005.23,0.00,422.37,0.00,6.51,-3.77,404.72
2015,115,50198.17,0.00,430.93,0.00,7.75,-3.02,415.85
2015,116,50389.80,0.00,457.11,0.00,10.14,-1.98,415.73
2015,117,50580.04,0.00,478.38,0.00,13.74,0.30,439.16
2015,118,50768.83,0.00,492.51,0.00,15.09,0.52,427.57
2015,119,50956.13,0.00,466.33,0.00,12.41,-0.16,438.70
2015,120,51141.86,0.00,407.01,0.00,9.66,-0.14,492.57
2015,121,51325.96,0.00,483.49,0.00,12.80,-0.95,400.94
2015,122,51508.36,0.00,479.40,0.00,15.13,1.69,467.37
2015,123,51689.01,0.00,521.16,0.00,24.05,4.82,477.04
2015,124,51867.83,0.00,453.07,0.00,16.72,4.34,568.18
2015,125,52044.75,0.00,503.88,0.00,18.33,2.16,440.30
2015,126,52219.70,0.00,481.76,0.00,17.06,2.69,480.51
2015,127,52392.61,29.87,361.94,0.00,21.76,6.33,712.54
2015,128,52563.41,0.00,310.69,0.00,14.77,7.05,965.01
2015,129,52732.02,0.00,228.82,0.00,8.96,3.59,789.91
2015,130,52898.37,19.00,246.71,0.00,8.75,0.76,645.09
2015,131,53062.37,11.69,135.00,0.00,6.56,2.62,737.27
2015,132,53223.96,1.29,221.61,0.00,6.04,1.28,669.97
2015,133,53383.04,0.00,445.19,0.00,10.88,-0.61,540.09
2015,134,53539.55,6.04,316.08,0.00,13.16,2.60,736.23
2015,135,53693.40,0.00,267.54,0.00,9.99,4.28,829.29
2015,136,53844.51,0.00,490.05,0.00,17.09,3.33,654.19
2015,137,53992.80,14.76,358.24,0.00,18.05,4.82,822.69
2015,138,54138.19,3.45,204.99,0.00,10.60,4.82,861.22
2015,139,54280.58,0.00,405.17,0.00,9.07,-0.28,598.44
2015,140,54419.91,0.00,507.55,0.00,15.51,0.36,560.36
2015,141,54556.08,0.00,459.96,0.00,16.22,3.67,729.67
2015,142,54689.02,0.00,483.98,0.00,13.62,-0.27,550.65
2015,143,54818.63,0.00,539.30,0.00,22.75,1.87,562.34
2015,144,54944.84,5.14,353.42,0.00,21.69,7.07,974.10
2015,145,55067.57,20.29,225.68,0.00,14.96,7.59,1043.04
2015,146,55186.72,0.00,333.73,0.00,16.27,7.98,1070.47
2015,147,55302.23,0.00,523.88,0.00,25.87,6.36,812.91
2015,148,55414.01,0.00,369.05,0.00,14.56,5.28,889.30
2015,149,55521.97,2.89,338.31,0.00,18.84,5.99,934.14
2015,150,55626.05,0.00,372.27,0.00,13.53,4.23,826.39
2015,151,55726.17,0.00,378.66,0.00,10.04,0.84,649.02
2015,152,55822.25,0.00,507.86,0.00,14.90,-0.63,550.09
2015,153,55914.21,4.55,373.90,0.00,17.92,2.73,743.11
2015,154,56002.00,15.26,308.43,0.00,16.97,6.34,956.73
2015,155,56085.53,2.73,216.91,0.00,14.78,8.18,1085.40
2015,156,56164.75,0.00,397.77,0.00,15.43,5.77,920.19
2015,157,56239.59,15.89,366.85,0.00,16.71,2.99,756.78
2015,158,56309.98,8.68,363.29,0.00,19.67,5.63,910.97
2015,159,56375.87,6.25,316.71,0.00,18.68,7.61,1044.17
2015,160,56437.21,8.77,355.16,0.00,22.15,8.00,1072.02
2015,161,56493.94,0.00,467.09,0.00,22.09,8.02,1073.73
2015,162,56546.02,0.00,429.63,0.00,19.81,7.70,1050.26
2015,163,56593.39,0.00,459.81,0.00,19.81,6.20,947.64
2015,164,56636.02,0.00,395.94,0.00,18.07,7.42,1030.37
2015,165,56673.88,0.00,355.36,0.00,17.63,8.33,1096.31
2015,166,56706.92,0.00,473.85,0.00,23.90,8.73,1115.07
2015,167,56735.12,0.00,429.09,0.00,20.26,7.97,1069.75
2015,168,56758.46,0.00,323.19,0.00,16.85,8.54,1112.27
2015,169,56776.91,0.00,376.25,0.00,16.94,6.92,995.58
2015,170,56790.45,0.00,454.93,0.00,18.15,4.85,862.97
2015,171,56799.08,13.28,222.47,0.00,13.81,6.53,969.72
2015,172,56802.79,0.00,430.25,0.00,19.08,7.03,1003.56
2015,173,56801.57,19.24,290.24,0.00,17.80,7.82,1059.02
2015,174,56795.42,0.86,441.77,0.00,21.02,8.60,1116.60
2015,175,56784.35,4.62,286.20,0.00,18.60,8.72,1126.08
2015,176,56768.38,1.63,357.23,0.00,17.10,8.12,1080.82
2015,177,56747.50,0.00,459.97,0.00,19.15,6.18,946.41
2015,178,56721.75,0.00,471.38,0.00,22.00,7.85,1061.13
2015,179,56691.15,0.00,425.10,0.00,21.00,9.29,1169.90
2015,180,56655.72,14.24,289.52,0.00,20.46,10.28,1250.27
2015,181,56615.49,0.00,297.94,0.00,15.84,8.70,1124.64
2015,182,56570.50,0.00,436.53,0.00,17.30,5.62,910.52
2015,183,56520.79,0.00,421.79,0.00,18.77,7.66,1047.56
2015,184,56466.40,0.00,458.51,0.00,24.15,10.52,1270.36
2015,185,56407.38,0.00,399.73,0.00,21.04,10.34,1255.37
2015,186,56343.78,13.99,327.92,0.00,22.89,10.30,1252.55
2015,187,56275.65,5.80,215.22,0.00,18.79,11.84,1387.12
2015,188,56203.05,0.00,422.27,0.00,20.97,9.53,1189.40
2015,189,56126.03,0.00,438.78,0.00,20.19,8.10,1079.33
2015,190,56044.67,0.00,438.45,0.00,21.59,9.37,1176.53
2015,191,55959.02,0.00,459.09,0.00,25.03,11.20,1329.14
2015,192,55869.15,0.00,434.71,0.00,25.40,12.74,1471.27
2015,193,55775.14,4.33,279.15,0.00,23.58,13.78,1574.95
2015,194,55677.05,9.81,198.06,0.00,19.73,13.47,1543.90
2015,195,55574.96,0.00,333.89,0.00,20.10,11.94,1395.85
2015,196,55468.94,0.00,414.90,0.00,20.56,9.74,1206.04
2015,197,55359.08,8.56,318.64,0.00,22.66,11.18,1327.70
2015,198,55245.44,0.00,429.81,0.00,25.93,13.58,1554.80
2015,199,55128.12,0.00,399.65,0.00,24.92,13.98,1596.07
2015,200,55007.18,0.00,437.56,0.00,26.49,13.57,1554.01
2015,201,54882.72,0.00,387.48,0.00,24.28,13.79,1576.43
2015,202,54754.81,0.00,453.26,0.00,24.42,10.87,1300.40
2015,203,54623.54,0.00,458.32,0.00,23.75,9.88,1217.09
2015,204,54488.99,0.00,442.55,0.00,23.91,10.82,1296.20
2015,205,54351.25,0.00,437.77,0.00,25.85,12.52,1450.47
2015,206,54210.39,0.00,411.65,0.00,26.26,14.03,1600.37
2015,207,54066.50,0.00,411.04,0.00,26.52,14.25,1624.17
2015,208,53919.67,0.00,438.95,0.00,28.62,14.43,1642.80
2015,209,53769.97,0.00,382.73,0.00,25.23,14.33,1631.80
2015,210,53617.49,0.00,314.34,0.00,22.82,14.56,1656.48
2015,211,53462.31,0.00,400.87,0.00,25.95,14.04,1601.37
2015,212,53304.51,0.00,400.50,0.00,23.97,12.34,1433.50
2015,213,53144.18,4.71,319.60,0.00,25.40,12.23,1422.84
2015,214,52981.38,0.00,419.86,0.00,24.55,11.81,1384.48
2015,215,52816.21,0.00,385.35,0.00,22.20,11.28,1336.32
2015,216,52648.73,0.00,308.14,0.00,18.46,10.57,1275.10
2015,217,52479.03,0.00,397.95,0.00,20.16,8.88,1137.85
2015,218,52307.17,1.31,400.76,0.00,21.31,9.72,1204.42
2015,219,52133.24,6.81,183.23,0.00,17.95,11.84,1386.90
2015,220,51957.31,0.00,320.07,0.00,21.72,13.22,1518.39
2015,221,51779.44,0.00,350.31,0.00,22.92,13.35,1531.65
2015,222,51599.70,2.56,287.31,0.00,25.28,14.12,1610.73
2015,223,51418.18,0.00,338.52,0.00,21.66,12.60,1458.54
2015,224,51234.92,0.00,429.80,0.00,25.19,11.41,1348.23
2015,225,51050.00,0.00,397.54,0.00,25.87,13.50,1546.94
2015,226,50863.49,0.00,393.19,0.00,28.24,15.53,1763.17
2015,227,50675.44,0.00,378.90,0.00,26.28,14.53,1653.44
2015,228,50485.92,0.00,378.69,0.00,27.21,15.26,1733.20
2015,229,50294.99,0.00,282.51,0.00,22.47,14.71,1672.80
2015,230,50102.71,30.05,208.76,0.00,20.09,12.72,1469.57
2015,231,49909.13,17.39,165.27,0.00,18.65,13.05,1501.40
2015,232,49714.30,1.12,192.39,0.00,15.94,11.29,1337.08
2015,233,49518.30,0.00,426.47,0.00,21.47,8.19,1086.16
2015,234,49321.15,4.90,309.44,0.00,24.46,11.36,1344.16
2015,235,49122.93,4.91,141.04,0.00,18.01,13.44,1540.27
2015,236,48923.68,0.00,186.50,0.00,14.76,10.43,1262.99
2015,237,48723.44,0.00,277.38,0.00,16.63,9.93,1221.42
2015,238,48522.27,0.00,379.60,0.00,19.58,9.24,1166.31
2015,239,48320.21,0.00,424.11,0.00,19.13,6.37,959.05
2015,240,48117.31,18.44,306.83,0.00,20.19,7.94,1067.60
2015,241,47913.61,0.00,337.71,0.00,21.08,11.95,1397.12
2015,242,47709.15,0.00,370.97,0.00,23.08,12.26,1425.70
2015,243,47503.98,0.00,370.99,0.00,24.09,13.07,1504.21
2015,244,47298.13,0.00,347.68,0.00,24.41,14.39,1638.19
2015,245,47091.65,0.00,305.18,0.00,21.33,13.25,1522.04
2015,246,46884.57,0.00,335.82,0.00,22.94,13.46,1542.42
2015,247,46676.94,0.00,374.98,0.00,24.92,13.18,1514.66
2015,248,46468.78,16.26,259.83,0.00,24.61,14.28,1626.96
2015,249,46260.14,19.77,245.96,0.00,27.23,17.11,1949.73
2015,250,46051.05,0.00,294.29,0.00,25.32,16.75,1906.72
2015,251,45841.54,0.00,313.29,0.00,22.26,13.27,1523.28
2015,252,45631.65,0.00,401.32,0.00,22.84,8.67,1122.03
2015,253,45421.41,0.00,347.56,0.00,18.69,8.31,1094.74
2015,254,45210.86,0.00,311.47,0.00,15.85,7.26,1019.45
2015,255,45000.02,0.00,351.64,0.00,16.20,5.82,923.31
2015,256,44788.92,0.00,396.27,0.00,20.30,6.24,950.32
2015,257,44577.61,0.00,379.71,0.00,22.67,9.20,1163.20
2015,258,44366.10,0.00,369.68,0.00,25.18,11.66,1370.82
2015,259,44154.43,0.00,322.03,0.00,25.01,14.27,1625.94
2015,260,43942.62,34.48,133.81,0.00,21.70,16.60,1887.61
2015,261,43730.72,0.00,277.22,0.00,19.27,10.96,1308.17
2015,262,43518.74,0.00,307.61,0.00,18.83,9.05,1151.33
2015,263,43306.71,0.00,331.16,0.00,19.87,8.69,1123.60
2015,264,43094.68,0.00,346.20,0.00,21.29,8.77,1129.71
2015,265,42882.65,0.00,292.44,0.00,20.57,10.88,1301.99
2015,266,42670.67,11.85,168.58,0.00,15.35,8.59,1115.99
2015,267,42458.77,1.63,170.00,0.00,14.37,9.39,1178.23
2015,268,42246.96,0.00,143.34,0.00,15.61,11.45,1351.53
2015,269,42035.29,0.00,231.82,0.00,18.74,11.54,1360.28
2015,270,41823.78,3.30,236.87,0.00,22.10,10.43,1263.48
2015,271,41612.46,0.00,242.74,0.00,19.18,11.39,1346.37
2015,272,41401.37,0.00,306.78,0.00,14.72,4.17,823.00
2015,273,41190.53,0.00,333.09,0.00,14.89,2.27,718.98
2015,274,40979.97,0.00,295.53,0.00,13.46,3.27,771.94
2015,275,40769.73,0.00,290.68,0.00,13.21,3.07,761.50
2015,276,40559.84,0.00,242.47,0.00,11.97,4.10,818.79
2015,277,40350.33,0.00,247.46,0.00,12.39,4.25,827.30
2015,278,40141.23,0.00,277.32,0.00,13.56,3.77,800.11
2015,279,39932.59,0.00,312.18,0.00,18.01,4.95,868.75
2015,280,39724.43,6.11,194.28,0.00,11.74,2.63,737.98
2015,281,39516.79,6.85,164.08,0.00,11.82,4.46,839.55
2015,282,39309.71,0.00,252.68,0.00,13.73,4.68,852.65
2015,283,39103.22,0.00,277.42,0.00,16.30,5.33,892.36
2015,284,38897.37,0.00,310.58,0.00,23.53,7.02,1002.75
2015,285,38692.20,1.54,217.14,0.00,17.19,9.07,1153.23
2015,286,38487.73,0.00,133.54,0.00,9.67,5.32,891.41
2015,287,38284.03,0.00,311.36,0.00,17.62,0.98,655.69
2015,288,38081.12,1.28,285.91,0.00,14.55,1.68,689.36
2015,289,37879.05,0.00,187.93,0.00,6.23,-0.25,599.78
2015,290,37677.88,0.00,239.27,0.00,5.76,-3.39,475.44
2015,291,37477.63,0.00,282.74,0.00,9.95,-3.39,475.41
2015,292,37278.37,0.00,279.87,0.00,15.56,1.18,665.28
2015,293,37080.14,1.22,183.97,0.00,9.70,2.65,739.08
2015,294,36882.99,0.00,218.53,0.00,12.44,3.38,778.16
2015,295,36686.98,0.00,202.24,0.00,10.03,1.91,701.12
2015,296,36492.15,14.67,124.63,0.00,8.95,2.53,732.89
2015,297,36298.56,3.16,120.52,0.00,11.43,5.03,874.08
2015,298,36106.26,0.00,191.32,0.00,8.20,0.22,620.66
2015,299,35915.32,0.00,227.67,0.00,9.62,-1.10,563.71
2015,300,35725.80,5.80,164.49,0.00,11.17,0.79,646.72
2015,301,35537.74,27.39,110.05,0.00,8.73,2.62,737.60
2015,302,35351.21,3.35,110.77,0.00,8.22,2.06,708.49
2015,303,35166.29,7.07,137.09,0.00,7.64,-0.36,595.07
2015,304,34983.02,11.63,88.60,0.00,8.25,3.43,781.05
2015,305,34801.48,0.00,126.69,0.00,11.15,5.85,924.78
2015,306,34621.74,0.00,170.11,0.00,10.18,2.61,737.01
2015,307,34443.86,0.00,195.44,0.00,11.74,2.15,712.82
2015,308,34267.91,1.28,176.47,0.00,12.81,4.38,834.88
2015,309,34093.96,0.00,183.90,0.00,15.06,5.82,923.30
2015,310,33922.09,0.00,151.37,0.00,10.19,3.29,773.32
2015,311,33752.37,0.00,133.71,0.00,6.63,0.73,643.77
2015,312,33584.88,0.00,213.74,0.00,12.75,-0.53,587.52
2015,313,33419.69,0.00,186.42,0.00,13.16,2.96,755.64
2015,314,33256.88,0.00,191.10,0.00,11.77,1.15,663.73
2015,315,33096.53,11.41,135.44,0.00,11.06,1.25,668.29
2015,316,32938.72,14.95,90.94,0.00,7.55,1.81,695.80
2015,317,32783.52,5.95,62.27,0.00,2.95,-0.66,581.84
2015,318,32631.02,0.00,187.41,0.00,8.13,-2.53,507.15
2015,319,32481.31,0.00,184.71,0.00,10.27,-0.69,580.73
2015,320,32334.45,14.56,118.38,0.00,10.00,1.50,680.51
2015,321,32190.55,23.94,74.48,0.00,10.57,5.80,921.89
2015,322,32049.67,10.37,75.46,0.00,12.74,7.88,1063.79
2015,323,31911.90,0.00,85.58,0.00,4.38,0.52,634.31
2015,324,31777.33,0.00,71.54,0.00,-0.71,-3.80,461.04
2015,325,31646.04,0.00,102.02,0.00,-2.22,-6.75,368.45
2015,326,31518.11,3.13,136.67,3.13,-0.44,-9.25,303.37
2015,327,31393.62,0.00,171.11,2.97,2.65,-5.62,401.83
2015,328,31272.66,0.00,176.79,2.73,3.54,-5.43,407.66
2015,329,31155.32,0.00,137.73,0.51,5.58,-0.72,579.59
2015,330,31041.66,3.13,75.45,0.00,1.89,-2.88,494.18
2015,331,30931.77,0.00,130.92,0.00,-3.07,-9.66,293.73
2015,332,30825.72,0.00,174.72,0.00,2.86,-9.56,295.92
2015,333,30723.61,0.00,161.90,0.00,2.54,-7.77,340.61
2015,334,30625.49,0.39,175.87,0.39,3.78,-6.53,374.70
2015,335,30531.45,11.32,87.27,0.00,3.44,-2.97,490.59
2015,336,30441.56,0.00,90.93,0.00,4.42,-0.40,592.98
2015,337,30355.88,0.00,98.48,0.00,4.21,-1.05,565.82
2015,338,30274.49,0.00,141.28,0.00,6.72,-2.22,518.85
2015,339,30197.44,0.00,143.81,0.00,7.78,-1.69,539.65
2015,340,30124.81,0.00,103.21,0.00,6.06,0.26,622.17
2015,341,30056.65,0.00,118.47,0.00,4.30,-2.65,502.57
2015,342,29993.02,0.00,103.37,0.00,4.99,-0.77,577.16
2015,343,29933.97,1.38,90.59,0.00,5.51,0.63,639.13
2015,344,29879.55,17.43,73.28,0.00,5.69,0.41,628.94
2015,345,29829.81,0.00,52.39,0.00,2.90,0.33,625.37
2015,346,29784.79,8.88,56.09,0.00,3.27,-0.50,588.72
2015,347,29744.53,7.73,51.05,0.00,3.18,-0.24,600.19
2015,348,29709.07,7.35,39.10,0.00,0.92,-1.56,544.99
2015,349,29678.43,0.00,92.43,0.00,0.92,-3.65,466.28
2015,350,29652.65,30.68,89.49,0.00,3.79,-2.65,502.72
2015,351,29631.74,0.00,88.24,0.00,-0.71,-5.01,421.07
2015,352,29615.73,0.00,64.87,0.00,-6.53,-9.52,297.04
2015,353,29604.64,0.00,135.28,0.00,-4.34,-12.07,242.40
2015,354,29598.46,0.00,147.59,0.00,-0.22,-10.03,285.13
2015,355,29597.20,0.00,100.37,0.00,-2.26,-7.42,349.80
2015,356,29600.88,2.14,99.62,0.00,2.82,-5.13,417.26
2015,357,29609.47,17.64,85.43,0.00,3.59,-2.61,504.25
2015,358,29622.99,0.00,68.37,0.00,-0.18,-3.44,473.97
2015,359,29641.40,0.00,83.62,0.00,-2.43,-6.41,378.27
2015,360,29664.71,4.87,78.86,4.87,-2.16,-6.72,369.38
2015,361,29692.88,0.00,89.38,4.87,-6.34,-10.02,285.43
2015,362,29725.89,0.00,153.45,4.87,-4.96,-12.39,236.13
2015,363,29763.71,0.00,114.08,4.87,-5.67,-10.35,278.02
2015,364,29806.31,0.00,107.44,4.87,-3.70,-7.98,335.13
2015,365,29853.66,0.00,84.89,4.87,-4.54,-7.74,341.34
2016,1,29905.94,0.00,104.48,53.18,-3.30,-8.08,332.36
2016,2,29962.66,0.00,139.84,53.18,-0.13,-7.08,359.30
2016,3,30023.99,0.00,120.57,53.18,-1.45,-7.09,358.96
2016,4,30089.87,0.00,169.80,53.18,-1.38,-10.73,269.87
2016,5,30160.26,0.00,170.84,53.18,0.78,-8.62,318.83
2016,6,30235.08,0.00,78.33,52.26,-0.42,-3.81,460.93
2016,7,30314.29,3.98,66.43,50.81,1.32,-2.56,506.00
2016,8,30397.81,4.23,66.09,49.23,1.57,-2.24,517.92
2016,9,30485.59,0.00,116.39,49.23,-4.87,-9.91,287.94
2016,10,30577.55,0.00,94.11,49.23,-12.98,-16.83,163.71
2016,11,30673.62,2.98,107.62,52.21,-12.11,-18.35,143.91
2016,12,30773.72,0.00,107.66,52.21,-14.43,-18.78,138.74
2016,13,30877.80,0.00,151.63,52.21,-14.01,-20.54,119.12
2016,14,30985.75,6.95,164.69,59.16,-2.97,-19.08,135.18
2016,15,31097.52,0.00,197.36,59.16,-2.21,-12.34,237.05
2016,16,31213.02,0.00,143.78,59.16,-8.54,-14.37,200.96
2016,17,31332.17,0.00,127.50,59.16,-15.84,-20.76,116.89
2016,18,31454.88,0.00,155.10,59.16,-13.85,-20.05,124.40
2016,19,31581.09,0.00,204.47,59.16,-8.62,-18.21,145.59
2016,20,31710.69,0.00,217.91,59.16,-4.94,-16.04,174.98
2016,21,31843.62,0.00,187.88,59.16,-4.76,-12.72,229.88
2016,22,31979.79,0.00,182.29,59.16,-4.00,-11.43,255.08
2016,23,32119.11,0.00,185.27,59.16,-1.13,-8.67,317.48
2016,24,32261.50,0.00,132.84,59.16,-1.81,-6.62,372.21
2016,25,32406.88,4.26,84.38,58.44,-0.34,-4.29,444.38
2016,26,32555.16,0.00,83.46,58.25,-2.75,-5.54,404.35
2016,27,32706.26,6.91,162.84,65.16,-0.14,-9.13,306.25
2016,28,32860.11,0.00,209.81,65.16,-4.14,-12.25,238.90
2016,29,33016.61,6.83,201.96,72.00,-0.33,-18.02,147.96
2016,30,33175.69,0.00,267.29,72.00,6.68,-9.66,293.64
2016,31,33337.27,0.00,219.67,70.97,5.02,-3.56,469.57
2016,32,33501.27,0.00,189.76,70.97,-1.52,-8.05,333.24
2016,33,33667.61,4.33,126.21,75.30,-2.17,-7.64,343.96
2016,34,33836.22,0.00,146.49,75.30,-5.52,-9.98,286.39
2016,35,34007.01,1.64,271.58,76.94,-3.87,-15.21,187.44
2016,36,34179.92,0.00,268.91,76.94,-2.16,-13.07,223.40
2016,37,34354.86,5.69,183.38,82.64,0.51,-8.33,326.10
2016,38,34531.78,7.93,193.21,90.57,1.19,-8.39,324.47
2016,39,34710.60,3.36,70.10,93.93,-8.46,-11.07,262.58
2016,40,34891.24,0.00,159.41,93.93,-11.32,-15.93,176.51
2016,41,35073.64,0.00,255.41,93.93,-11.82,-20.23,122.42
2016,42,35257.74,0.00,309.95,93.93,-7.64,-20.75,117.05
2016,43,35443.47,0.00,218.55,93.93,-13.64,-20.24,122.37
2016,44,35630.76,0.00,307.28,93.93,-10.88,-22.33,101.87
2016,45,35819.55,1.43,338.69,95.35,-3.84,-20.63,118.21
2016,46,36009.79,0.00,328.96,95.35,-2.10,-16.08,174.38
2016,47,36201.40,0.00,253.94,95.35,-1.50,-9.53,296.67
2016,48,36394.35,0.00,322.56,95.35,-4.28,-16.60,166.95
2016,49,36588.56,8.08,262.68,103.43,1.55,-14.49,198.94
2016,50,36783.98,4.40,206.18,103.41,2.91,-5.94,392.14
2016,51,36980.57,1.97,144.83,101.00,3.74,-0.28,598.45
2016,52,37178.26,1.08,206.24,102.08,-3.68,-9.36,300.82
2016,53,37377.01,1.52,343.87,103.60,-1.40,-13.74,211.56
2016,54,37576.76,1.83,311.75,105.43,1.16,-8.87,312.60
2016,55,37777.47,0.00,191.95,104.40,1.71,-3.55,470.00
2016,56,37979.09,0.00,195.31,104.40,-0.78,-6.06,388.51
2016,57,38181.58,0.00,304.34,104.40,1.52,-7.67,343.28
2016,58,38384.89,3.61,269.62,104.33,6.96,-5.82,395.70
2016,59,38588.98,5.07,107.49,109.40,-3.14,-6.61,372.44
2016,60,38793.80,0.00,268.57,109.40,-5.95,-12.69,230.52
2016,61,38999.32,0.00,379.71,109.40,-6.76,-18.52,141.89
2016,62,39205.49,0.00,411.71,109.40,-3.62,-18.79,138.60
2016,63,39412.27,0.00,416.11,109.40,-0.54,-16.31,170.94
2016,64,39619.63,0.91,404.67,110.31,-0.12,-14.24,203.08
2016,65,39827.53,0.00,384.75,110.31,1.58,-10.62,272.08
2016,66,40035.94,0.00,368.79,109.46,7.30,-3.97,455.18
2016,67,40244.81,0.00,311.19,107.76,6.48,-1.97,528.56
2016,68,40454.11,2.59,210.00,105.10,7.62,0.35,626.39
2016,69,40663.82,0.00,153.48,102.82,3.03,-0.59,585.04
2016,70,40873.89,0.00,253.84,101.33,3.81,-2.45,509.92
2016,71,41084.29,0.00,410.91,100.78,8.35,-4.68,431.61
2016,72,41294.99,0.00,443.47,98.97,15.47,-1.68,539.98
2016,73,41505.96,0.00,266.50,96.08,7.56,0.86,649.94
2016,74,41717.17,0.00,245.64,93.12,6.99,1.06,659.26
2016,75,41928.59,8.82,178.09,90.59,5.48,0.03,612.13
2016,76,42140.18,23.14,111.54,87.95,3.40,0.28,623.31
2016,77,42351.92,0.00,134.58,86.67,-0.28,-2.96,491.27
2016,78,42563.78,0.00,267.91,86.67,-1.37,-6.90,364.21
2016,79,42775.73,0.00,431.26,86.67,1.51,-9.22,304.13
2016,80,42987.73,0.00,437.97,86.67,3.38,-7.65,343.63
2016,81,43199.77,0.00,408.36,86.67,2.22,-7.37,351.27
2016,82,43411.80,0.00,348.87,86.67,1.11,-6.36,379.73
2016,83,43623.81,0.00,387.87,86.67,1.18,-7.32,352.74
2016,84,43835.75,0.00,427.60,86.67,2.97,-6.95,362.99
2016,85,44047.61,3.27,358.65,89.94,4.98,-7.76,340.76
2016,86,44259.35,4.84,273.06,89.73,2.21,-5.51,405.27
2016,87,44470.95,2.06,205.86,87.84,3.89,-1.51,546.76
2016,88,44682.37,0.00,352.10,86.32,4.76,-2.37,513.31
2016,89,44893.58,1.74,488.92,85.44,9.08,-3.90,454.22
2016,90,45104.55,3.32,275.79,83.70,5.80,-1.87,532.39
2016,91,45315.25,0.00,254.11,81.32,4.48,-0.32,596.70
2016,92,45525.65,0.00,244.22,80.12,1.22,-3.15,484.29
2016,93,45735.72,0.00,252.40,80.12,-2.71,-6.99,361.64
2016,94,45945.43,8.26,274.53,88.38,-2.97,-9.33,301.55
2016,95,46154.73,0.00,491.84,88.38,-1.19,-11.22,259.42
2016,96,46363.61,8.35,416.92,96.72,3.71,-10.84,267.37
2016,97,46572.01,1.81,455.97,98.53,2.35,-6.23,383.64
2016,98,46779.91,0.00,276.64,97.31,1.35,-3.08,486.61
2016,99,46987.28,0.00,305.01,97.09,-0.57,-5.47,406.34
2016,100,47194.06,1.54,540.65,98.62,-0.09,-11.92,245.26
2016,101,47400.23,0.00,519.41,98.62,3.73,-6.91,363.88
2016,102,47605.75,0.00,296.68,96.95,2.55,-2.02,526.60
2016,103,47810.57,0.00,435.02,96.66,1.99,-5.32,411.18
2016,104,48014.66,0.00,537.89,95.80,7.26,-3.93,444.08
2016,105,48217.97,0.00,570.29,93.46,14.00,-0.44,510.30
2016,106,48420.46,0.00,570.91,90.26,16.93,1.63,572.33
2016,107,48622.09,0.00,551.17,86.06,17.92,3.99,678.18
2016,108,48822.80,0.00,525.70,82.06,15.75,3.53,683.40
2016,109,49022.56,6.57,202.76,78.91,6.10,1.50,680.63
2016,110,49221.31,0.00,565.30,76.87,13.12,-1.15,497.48
2016,111,49419.00,0.00,569.64,74.34,14.98,0.02,528.11
2016,112,49615.59,1.20,522.44,71.10,13.55,1.71,624.55
2016,113,49811.01,0.00,339.06,68.55,6.13,0.08,614.09
2016,114,50005.23,5.94,319.41,66.51,6.87,-1.14,561.95
2016,115,50198.17,7.60,178.29,63.65,4.71,0.79,646.91
2016,116,50389.80,8.21,134.90,60.49,4.37,1.53,681.94
2016,117,50580.04,0.00,395.01,57.83,7.30,0.34,625.74
2016,118,50768.83,0.00,488.61,56.09,7.65,-1.86,532.70
2016,119,50956.13,0.00,487.57,54.01,8.34,-1.05,562.35
2016,120,51141.86,0.00,535.68,51.93,10.32,-1.05,524.56
2016,121,51325.96,0.00,438.93,48.66,9.98,1.79,689.57
2016,122,51508.36,0.00,495.63,45.65,11.25,1.17,625.31
2016,123,51689.01,0.00,551.35,43.12,12.92,0.03,543.67
2016,124,51867.83,2.54,425.09,39.82,16.68,1.86,659.67
2016,125,52044.75,0.00,502.71,36.83,11.97,1.11,609.88
2016,126,52219.70,0.00,589.77,34.65,15.66,-0.81,475.41
2016,127,52392.61,1.02,606.40,30.61,26.66,3.63,574.68
2016,128,52563.41,0.00,526.22,26.21,17.53,4.48,700.23
2016,129,52732.02,0.00,477.87,22.60,13.50,2.60,649.24
2016,130,52898.37,0.00,487.66,19.23,13.25,2.03,611.67
2016,131,53062.37,0.00,488.53,14.99,15.52,4.09,688.23
2016,132,53223.96,5.73,314.17,10.40,14.24,4.94,868.12
2016,133,53383.04,4.17,319.62,5.33,15.77,6.07,939.09
2016,134,53539.55,1.11,312.22,1.43,9.62,3.28,772.48
2016,135,53693.40,0.00,288.13,0.00,5.47,-0.78,576.75
2016,136,53844.51,2.57,339.27,0.00,10.76,-0.78,576.86
2016,137,53992.80,0.00,373.61,0.00,10.85,2.34,722.69
2016,138,54138.19,0.00,472.07,0.00,12.99,0.65,582.64
2016,139,54280.58,0.00,493.02,0.00,15.22,1.23,582.83
2016,140,54419.91,0.00,510.26,0.00,18.37,2.82,602.68
2016,141,54556.08,0.00,505.48,0.00,18.82,3.69,627.91
2016,142,54689.02,0.00,540.92,0.00,26.54,5.28,618.32
2016,143,54818.63,0.00,493.12,0.00,20.64,5.67,704.84
2016,144,54944.84,8.55,372.07,0.00,24.05,7.75,911.00
2016,145,55067.57,7.08,294.27,0.00,19.27,8.64,1109.70
2016,146,55186.72,3.07,223.17,0.00,14.98,7.56,1040.86
2016,147,55302.23,2.56,260.16,0.00,16.91,7.89,1064.16
2016,148,55414.01,13.91,262.17,0.00,16.33,7.29,1021.23
2016,149,55521.97,6.09,247.93,0.00,16.59,8.15,1083.00
2016,150,55626.05,5.40,283.15,0.00,18.51,8.44,1105.02
2016,151,55726.17,0.00,498.26,0.00,24.46,7.62,876.06
2016,152,55822.25,10.52,204.95,0.00,12.51,5.83,923.58
2016,153,55914.21,1.28,385.12,0.00,17.27,7.02,998.55
2016,154,56002.00,0.00,406.51,0.00,18.84,7.80,1026.27
2016,155,56085.53,5.05,283.00,0.00,17.10,7.26,1019.50
2016,156,56164.75,26.09,174.13,0.00,13.01,7.66,1047.66
2016,157,56239.59,3.72,340.60,0.00,19.42,6.88,993.51
2016,158,56309.98,3.74,210.74,0.00,14.62,8.28,1092.67
2016,159,56375.87,0.00,396.88,0.00,17.01,7.26,1019.11
2016,160,56437.21,0.00,435.26,0.00,14.49,3.53,786.65
2016,161,56493.94,0.00,485.10,0.00,19.24,5.34,867.83
2016,162,56546.02,6.97,360.47,0.00,21.66,7.45,1032.67
2016,163,56593.39,0.00,497.31,0.00,24.20,8.31,1034.25
2016,164,56636.02,10.74,279.05,0.00,17.37,8.04,1075.20
2016,165,56673.88,0.00,302.83,0.00,14.50,7.34,1025.01
2016,166,56706.92,12.60,291.89,0.00,18.11,8.18,1085.26
2016,167,56735.12,11.30,194.30,0.00,14.56,8.60,1116.53
2016,168,56758.46,0.00,475.26,0.00,22.88,8.64,1085.23
2016,169,56776.91,0.00,477.34,0.00,23.37,8.93,1101.23
2016,170,56790.45,0.00,483.55,0.00,25.79,10.52,1203.17
2016,171,56799.08,4.16,343.44,0.00,26.59,12.59,1457.65
2016,172,56802.79,0.00,408.88,0.00,23.27,12.39,1438.60
2016,173,56801.57,0.00,494.70,0.00,23.15,7.98,1029.05
2016,174,56795.42,0.00,434.04,0.00,18.62,7.41,1030.08
2016,175,56784.35,0.00,466.19,0.00,21.27,8.18,1073.89
2016,176,56768.38,0.00,487.60,0.00,24.28,9.22,1111.03
2016,177,56747.50,34.73,310.42,0.00,21.89,10.79,1293.62
2016,178,56721.75,6.22,308.52,0.00,22.63,11.48,1354.31
2016,179,56691.15,0.00,308.73,0.00,17.34,9.96,1224.16
2016,180,56655.72,0.00,451.90,0.00,21.29,8.47,1107.08
2016,181,56615.49,10.49,359.01,0.00,22.77,8.30,1094.26
2016,182,56570.50,8.15,282.17,0.00,18.22,8.70,1124.33
2016,183,56520.79,0.00,467.34,0.00,21.94,8.06,1076.69
2016,184,56466.40,0.00,445.99,0.00,22.48,9.57,1192.37
2016,185,56407.38,0.00,460.35,0.00,23.31,9.39,1177.83
2016,186,56343.78,1.60,411.08,0.00,22.74,11.06,1317.14
2016,187,56275.65,0.00,396.37,0.00,24.11,12.86,1483.66
2016,188,56203.05,0.00,305.97,0.00,21.34,13.37,1533.15
2016,189,56126.03,15.59,241.48,0.00,20.05,11.73,1376.65
2016,190,56044.67,3.81,199.94,0.00,19.53,12.88,1485.10
2016,191,55959.02,0.00,362.49,0.00,21.59,12.03,1404.32
2016,192,55869.15,0.00,386.39,0.00,21.23,10.96,1308.59
2016,193,55775.14,42.94,270.12,0.00,22.22,12.89,1486.24
2016,194,55677.05,7.61,292.46,0.00,25.04,14.28,1626.72
2016,195,55574.96,10.56,274.17,0.00,24.40,14.53,1653.64
2016,196,55468.94,0.00,299.87,0.00,20.88,13.41,1537.91
2016,197,55359.08,0.00,283.93,0.00,17.32,10.49,1268.09
2016,198,55245.44,0.00,445.13,0.00,20.44,7.88,1063.72
2016,199,55128.12,11.35,325.47,0.00,23.97,11.47,1353.25
2016,200,55007.18,0.00,400.65,0.00,23.75,12.82,1479.52
2016,201,54882.72,0.00,441.45,0.00,22.82,10.25,1247.66
2016,202,54754.81,29.46,347.66,0.00,27.53,12.60,1458.55
2016,203,54623.54,0.00,440.65,0.00,31.16,16.68,1898.29
2016,204,54488.99,0.00,456.20,0.00,31.39,15.65,1776.86
2016,205,54351.25,0.00,361.77,0.00,25.89,15.95,1811.26
2016,206,54210.39,0.00,409.94,0.00,27.65,15.55,1765.42
2016,207,54066.50,1.42,399.07,0.00,28.02,16.29,1851.58
2016,208,53919.67,1.18,410.18,0.00,26.98,14.88,1691.60
2016,209,53769.97,0.00,266.70,0.00,21.71,15.05,1710.05
2016,210,53617.49,0.00,333.63,0.00,21.72,13.21,1517.16
2016,211,53462.31,0.00,417.10,0.00,23.26,11.55,1360.63
2016,212,53304.51,0.00,428.66,0.00,23.67,11.24,1333.13
2016,213,53144.18,0.00,402.79,0.00,25.21,13.75,1571.71
2016,214,52981.38,3.07,311.76,0.00,25.91,13.72,1568.56
2016,215,52816.21,2.94,272.76,0.00,25.61,15.69,1781.55
2016,216,52648.73,3.94,292.23,0.00,27.98,16.63,1891.34
2016,217,52479.03,1.56,377.26,0.00,27.35,16.60,1888.04
2016,218,52307.17,0.00,321.46,0.00,25.03,16.53,1880.28
2016,219,52133.24,0.00,392.25,0.00,24.85,13.69,1566.01
2016,220,51957.31,0.00,378.94,0.00,23.23,12.69,1466.90
2016,221,51779.44,0.40,423.13,0.00,24.56,11.67,1371.97
2016,222,51599.70,0.00,425.95,0.00,27.30,13.52,1549.11
2016,223,51418.18,16.16,152.05,0.00,18.89,13.89,1586.75
2016,224,51234.92,22.67,161.71,0.00,20.00,14.67,1668.79
2016,225,51050.00,7.91,131.66,0.00,19.65,15.42,1750.65
2016,226,50863.49,3.79,137.90,0.00,19.96,15.52,1762.34
2016,227,50675.44,0.00,374.83,0.00,24.58,13.88,1585.08
2016,228,50485.92,0.00,386.72,0.00,24.44,13.22,1518.84
2016,229,50294.99,0.52,364.87,0.00,24.86,14.49,1649.53
2016,230,50102.71,0.00,365.50,0.00,25.46,14.94,1697.65
2016,231,49909.13,0.00,379.24,0.00,26.39,15.08,1713.77
2016,232,49714.30,0.00,272.42,0.00,23.28,16.27,1848.90
2016,233,49518.30,17.97,90.80,0.00,18.44,15.74,1787.05
2016,234,49321.15,2.74,253.31,0.00,20.75,12.27,1426.68
2016,235,49122.93,1.66,414.74,0.00,23.65,11.37,1344.29
2016,236,48923.68,0.00,397.58,0.00,26.18,14.25,1624.28
2016,237,48723.44,0.00,305.76,0.00,24.53,16.60,1887.78
2016,238,48522.27,0.00,322.74,0.00,23.50,15.15,1721.44
2016,239,48320.21,0.00,277.91,0.00,19.41,12.73,1470.72
2016,240,48117.31,3.59,261.13,0.00,20.07,11.06,1316.92
2016,241,47913.61,4.84,272.25,0.00,21.68,11.88,1390.95
2016,242,47709.15,2.23,267.38,0.00,24.15,14.28,1626.74
2016,243,47503.98,0.00,297.30,0.00,23.00,15.43,1752.49
2016,244,47298.13,0.00,341.71,0.00,21.54,12.61,1459.37
2016,245,47091.65,0.00,339.97,0.00,19.96,11.21,1330.23
2016,246,46884.57,0.00,420.89,0.00,21.23,7.89,1064.33
2016,247,46676.94,0.00,410.46,0.00,22.68,9.57,1192.39
2016,248,46468.78,13.59,297.43,0.00,23.72,11.07,1318.23
2016,249,46260.14,34.34,253.98,0.00,23.21,13.63,1559.29
2016,250,46051.05,0.00,297.39,0.00,25.09,16.84,1917.71
2016,251,45841.54,14.55,129.76,0.00,20.17,16.01,1818.94
2016,252,45631.65,0.00,305.04,0.00,22.89,14.79,1681.51
2016,253,45421.41,6.79,279.42,0.00,22.46,11.09,1319.61
2016,254,45210.86,4.26,227.93,0.00,19.48,11.40,1346.88
2016,255,45000.02,0.00,357.56,0.00,21.36,10.45,1265.11
2016,256,44788.92,11.46,260.00,0.00,22.57,11.74,1378.18
2016,257,44577.61,2.85,172.33,0.00,17.97,11.99,1400.81
2016,258,44366.10,0.00,300.88,0.00,17.48,9.20,1163.43
2016,259,44154.43,7.95,284.71,0.00,20.48,7.46,1033.71
2016,260,43942.62,3.46,232.11,0.00,19.86,10.81,1295.31
2016,261,43730.72,3.43,173.79,0.00,20.79,14.46,1645.98
2016,262,43518.74,4.87,188.08,0.00,20.75,13.74,1570.60
2016,263,43306.71,0.00,314.07,0.00,22.70,12.66,1463.76
2016,264,43094.68,0.00,341.29,0.00,21.35,9.71,1203.51
2016,265,42882.65,3.42,209.54,0.00,18.15,9.91,1220.34
2016,266,42670.67,0.06,230.09,0.00,17.15,10.76,1291.55
2016,267,42458.77,0.00,284.03,0.00,17.30,8.86,1136.58
2016,268,42246.96,0.00,293.65,0.00,18.54,9.43,1181.03
2016,269,42035.29,21.19,148.24,0.00,17.70,12.12,1412.51
2016,270,41823.78,6.81,88.99,0.00,13.43,10.34,1255.54
2016,271,41612.46,4.10,108.40,0.00,13.02,9.23,1165.74
2016,272,41401.37,0.00,236.32,0.00,16.40,9.67,1200.72
2016,273,41190.53,0.00,271.69,0.00,16.87,8.63,1119.04
2016,274,40979.97,0.00,301.01,0.00,18.32,8.30,1094.00
2016,275,40769.73,0.00,292.01,0.00,19.20,9.37,1176.61
2016,276,40559.84,0.00,299.54,0.00,18.85,8.51,1109.80
2016,277,40350.33,0.00,322.95,0.00,18.09,5.85,925.06
2016,278,40141.23,0.00,309.41,0.00,18.92,7.45,1032.55
2016,279,39932.59,3.89,171.53,0.00,17.32,10.25,1248.09
2016,280,39724.43,12.67,187.80,0.00,16.01,8.02,1073.97
2016,281,39516.79,3.33,122.60,0.00,10.81,6.14,943.77
2016,282,39309.71,1.58,243.05,0.00,10.65,3.07,761.45
2016,283,39103.22,0.00,287.59,0.00,11.24,1.14,663.00
2016,284,38897.37,0.00,318.44,0.00,18.30,3.30,773.56
2016,285,38692.20,1.91,196.81,0.00,14.97,8.68,1123.25
2016,286,38487.73,0.00,175.22,0.00,11.07,5.76,919.26
2016,287,38284.03,0.00,174.41,0.00,7.76,2.52,732.20
2016,288,38081.12,0.00,291.63,0.00,13.39,1.23,667.46
2016,289,37879.05,8.67,171.54,0.00,15.09,7.11,1009.08
2016,290,37677.88,19.06,152.47,0.00,12.19,5.48,901.63
2016,291,37477.63,4.53,142.32,0.00,12.85,6.56,971.65
2016,292,37278.37,0.00,193.23,0.00,15.59,8.90,1139.68
2016,293,37080.14,0.00,161.95,0.00,9.60,4.42,837.49
2016,294,36882.99,0.00,212.83,0.00,9.24,1.95,703.18
2016,295,36686.98,0.00,197.68,0.00,8.87,2.21,716.00
2016,296,36492.15,0.00,242.73,0.00,12.31,2.63,737.79
2016,297,36298.56,5.17,150.84,0.00,9.28,2.16,713.71
2016,298,36106.26,0.00,235.94,0.00,10.32,0.86,649.87
2016,299,35915.32,0.00,232.12,0.00,8.42,-0.94,570.03
2016,300,35725.80,0.00,177.53,0.00,7.64,1.18,665.31
2016,301,35537.74,0.00,125.06,0.00,8.90,4.48,840.70
2016,302,35351.21,2.20,102.49,0.00,10.30,5.32,891.87
2016,303,35166.29,0.00,120.35,0.00,10.02,5.69,914.92
2016,304,34983.02,1.08,135.56,0.00,9.33,4.42,837.43
2016,305,34801.48,2.58,144.52,0.00,11.59,3.71,796.31
2016,306,34621.74,0.00,173.77,0.00,12.49,5.58,908.08
2016,307,34443.86,1.39,221.89,0.00,12.30,1.57,684.16
2016,308,34267.91,0.87,180.88,0.00,8.84,1.57,684.14
2016,309,34093.96,0.00,230.37,0.00,16.26,2.34,722.60
2016,310,33922.09,0.00,222.88,0.00,16.63,3.30,773.70
2016,311,33752.37,0.00,222.44,0.00,16.45,2.21,716.16
2016,312,33584.88,0.00,206.90,0.00,15.63,3.67,794.45
2016,313,33419.69,0.00,169.00,0.00,12.64,4.53,843.95
2016,314,33256.88,0.00,204.57,0.00,13.15,1.31,671.62
2016,315,33096.53,0.00,209.57,0.00,17.69,3.08,761.90
2016,316,32938.72,0.00,123.82,0.00,6.37,0.80,646.98
2016,317,32783.52,0.00,195.60,0.00,10.70,-1.17,560.51
2016,318,32631.02,0.00,186.58,0.00,12.21,1.06,659.58
2016,319,32481.31,0.00,127.10,0.00,8.16,2.00,705.40
2016,320,32334.45,2.88,72.61,0.00,6.40,1.87,699.14
2016,321,32190.55,0.00,151.21,0.00,7.97,-0.03,609.38
2016,322,32049.67,2.80,103.28,0.00,8.81,1.59,684.97
2016,323,31911.90,21.34,66.49,0.00,5.59,1.29,670.43
2016,324,31777.33,0.00,48.18,0.00,-3.11,-5.19,415.13
2016,325,31646.04,0.00,102.52,0.00,-3.08,-7.97,335.42
2016,326,31518.11,0.00,153.84,0.00,-0.36,-8.76,315.25
2016,327,31393.62,3.43,143.53,3.43,2.21,-8.68,317.19
2016,328,31272.66,12.12,104.09,2.85,1.91,-4.63,433.27
2016,329,31155.32,0.00,58.51,0.24,2.70,0.21,620.22
2016,330,31041.66,0.00,75.00,0.00,3.66,-0.02,609.64
2016,331,30931.77,0.00,78.66,0.00,3.11,-0.80,576.05
2016,332,30825.72,13.20,88.00,0.00,5.53,-0.83,574.72
2016,333,30723.61,36.58,79.72,0.00,6.87,1.10,661.42
2016,334,30625.49,1.99,42.26,0.00,6.34,4.27,828.70
2016,335,30531.45,3.77,39.47,0.00,4.19,1.58,684.53
2016,336,30441.56,0.00,38.85,0.00,0.56,-1.22,558.60
2016,337,30355.88,0.00,67.89,0.00,0.97,-2.36,513.66
2016,338,30274.49,1.35,64.28,0.00,1.62,-1.52,546.26
2016,339,30197.44,4.83,40.82,0.00,1.70,-0.84,574.28
2016,340,30124.81,4.59,72.01,0.00,4.11,-0.62,583.78
2016,341,30056.65,8.53,87.85,0.00,4.11,-1.86,533.07
2016,342,29993.02,0.00,63.41,0.00,-1.84,-4.63,433.37
2016,343,29933.97,0.00,89.09,0.00,-2.50,-6.50,375.81
2016,344,29879.55,0.00,68.08,0.00,-6.90,-9.76,291.50
2016,345,29829.81,0.00,110.25,0.00,-9.12,-13.94,208.06
2016,346,29784.79,1.60,172.43,1.60,-6.59,-15.71,179.78
2016,347,29744.53,1.78,179.55,3.38,-3.73,-14.62,196.84
2016,348,29709.07,0.00,122.47,3.38,-13.05,-17.82,150.59
2016,349,29678.43,0.00,124.99,3.38,-13.67,-18.58,141.17
2016,350,29652.65,0.00,165.89,3.38,-10.35,-18.55,141.46
2016,351,29631.74,1.58,165.85,4.95,-8.98,-17.28,157.66
2016,352,29615.73,0.00,137.95,4.95,-13.45,-19.21,133.67
2016,353,29604.64,1.91,177.35,6.86,-11.54,-22.07,104.22
2016,354,29598.46,4.10,138.87,10.96,-1.59,-20.39,120.73
2016,355,29597.20,0.00,176.65,10.96,2.45,-9.97,286.58
2016,356,29600.88,7.38,117.95,18.34,0.98,-7.40,350.42
2016,357,29609.47,0.00,161.56,18.32,3.00,-5.95,391.88
2016,358,29622.99,0.00,153.80,17.93,2.95,-5.09,418.38
2016,359,29641.40,0.00,157.49,17.93,1.53,-6.95,362.93
2016,360,29664.71,21.03,129.84,38.96,1.80,-8.64,318.34
2016,361,29692.88,3.67,132.17,42.63,5.08,-6.37,379.34
2016,362,29725.89,1.47,104.11,44.10,-6.17,-10.69,270.70
2016,363,29763.71,4.04,137.45,48.14,-1.77,-13.78,210.80
2016,364,29806.31,0.00,123.89,48.14,-2.22,-7.99,334.80
2016,365,29853.66,5.03,91.47,53.18,-5.44,-11.01,263.76
2017,1,29905.94,0.00,144.68,22.52,-2.72,-10.76,269.17
2017,2,29962.66,5.90,113.10,28.42,-1.22,-9.74,291.82
2017,3,30023.99,3.59,106.55,32.00,-0.68,-8.37,325.11
2017,4,30089.87,0.00,90.50,32.00,-12.93,-17.18,158.93
2017,5,30160.26,0.00,125.15,32.00,-14.43,-20.55,119.09
2017,6,30235.08,0.00,147.00,32.00,-12.47,-20.01,124.72
2017,7,30314.29,0.00,122.24,32.00,-13.72,-19.55,129.81
2017,8,30397.81,2.34,144.73,34.34,-6.88,-19.70,128.11
2017,9,30485.59,2.71,148.08,37.05,-3.23,-16.93,162.38
2017,10,30577.55,6.65,145.69,43.70,-0.91,-13.28,219.71
2017,11,30673.62,0.00,139.57,43.70,-11.18,-17.68,152.39
2017,12,30773.72,0.00,196.23,43.70,-8.03,-19.64,128.79
2017,13,30877.80,0.00,208.23,43.70,-8.57,-22.29,102.20
2017,14,30985.75,0.00,212.09,43.70,-4.00,-18.57,141.30
2017,15,31097.52,0.00,215.93,43.70,0.61,-15.07,189.64
2017,16,31213.02,0.00,211.35,43.70,2.62,-10.91,265.89
2017,17,31332.17,0.00,201.29,43.70,2.86,-8.46,322.64
2017,18,31454.88,0.00,193.32,43.53,4.56,-5.61,402.17
2017,19,31581.09,0.00,180.68,43.01,3.97,-4.76,428.92
2017,20,31710.69,4.08,115.25,42.14,2.84,-3.92,457.12
2017,21,31843.62,5.86,72.28,39.95,3.12,-0.79,576.39
2017,22,31979.79,2.14,46.05,37.10,3.13,0.79,646.46
2017,23,32119.11,0.00,82.89,34.35,3.80,0.55,635.69
2017,24,32261.50,0.00,99.91,31.74,4.16,0.22,620.63
2017,25,32406.88,0.00,51.75,29.69,0.66,-1.13,562.21
2017,26,32555.16,0.00,87.58,28.16,0.92,-2.35,513.82
2017,27,32706.26,0.00,146.55,27.48,1.33,-4.38,441.34
2017,28,32860.11,0.00,102.32,27.48,-3.61,-7.31,352.95
2017,29,33016.61,0.00,118.57,27.48,-8.19,-12.43,235.43
2017,30,33175.69,2.23,182.83,29.71,-3.51,-15.53,182.49
2017,31,33337.27,0.00,203.68,29.71,-1.65,-9.80,290.56
2017,32,33501.27,0.00,164.07,29.71,-7.23,-13.05,223.82
2017,33,33667.61,0.00,187.83,29.71,-10.13,-16.87,163.17
2017,34,33836.22,0.00,244.15,29.71,-6.13,-16.56,167.45
2017,35,34007.01,3.54,186.13,33.25,-3.60,-14.27,202.58
2017,36,34179.92,1.71,170.97,34.96,-6.41,-12.25,238.82
2017,37,34354.86,4.59,115.16,39.55,-7.20,-12.23,239.23
2017,38,34531.78,7.71,143.43,47.25,-6.79,-13.04,223.91
2017,39,34710.60,0.00,197.66,47.25,-9.30,-15.53,182.58
2017,40,34891.24,4.70,218.93,51.96,-6.49,-18.97,136.47
2017,41,35073.64,2.49,229.82,54.44,-0.50,-15.82,178.22
2017,42,35257.74,1.09,237.93,55.54,-0.71,-8.56,320.22
2017,43,35443.47,0.00,226.99,55.54,0.31,-6.74,368.77
2017,44,35630.76,0.00,310.87,55.54,5.46,-8.18,329.94
2017,45,35819.55,0.00,294.97,55.54,2.64,-7.98,335.14
2017,46,36009.79,0.00,181.17,55.54,-5.61,-10.34,278.19
2017,47,36201.40,0.00,330.40,55.54,0.46,-13.38,217.88
2017,48,36394.35,0.00,333.24,55.54,7.06,-7.63,344.36
2017,49,36588.56,0.00,336.77,54.68,12.16,-3.95,456.18
2017,50,36783.98,0.00,283.91,52.82,7.47,-1.58,543.97
2017,51,36980.57,20.92,177.43,50.22,6.97,0.19,619.26
2017,52,37178.26,0.00,236.60,47.27,7.84,1.03,658.06
2017,53,37377.01,4.29,165.96,44.79,6.05,-0.11,605.71
2017,54,37576.76,0.00,239.22,43.65,3.39,-3.29,479.31
2017,55,37777.47,0.00,143.13,43.65,-5.46,-9.04,308.37
2017,56,37979.09,0.00,282.19,43.65,-2.16,-10.26,279.97
2017,57,38181.58,0.00,272.42,43.65,-2.54,-10.14,282.71
2017,58,38384.89,1.93,360.44,45.58,0.34,-12.78,228.76
2017,59,38588.98,0.00,327.81,45.58,0.23,-10.14,282.73
2017,60,38793.80,0.00,214.29,45.58,-4.11,-9.59,295.34
2017,61,38999.32,0.00,296.76,45.58,-5.51,-13.66,212.88
2017,62,39205.49,0.00,368.46,45.58,-4.97,-17.14,159.47
2017,63,39412.27,0.00,408.31,45.58,1.63,-16.95,162.08
2017,64,39619.63,0.00,367.72,45.58,4.36,-8.02,333.97
2017,65,39827.53,10.68,202.47,42.79,8.10,0.65,639.98
2017,66,40035.94,0.00,239.42,40.67,5.33,-0.95,569.89
2017,67,40244.81,0.00,198.29,40.67,-4.53,-9.38,300.23
2017,68,40454.11,0.00,317.81,40.67,-4.48,-13.05,223.82
2017,69,40663.82,0.00,328.94,40.67,-10.10,-18.95,136.72
2017,70,40873.89,0.00,373.36,40.67,-7.09,-17.87,149.94
2017,71,41084.29,0.00,344.70,40.67,-7.52,-16.57,167.34
2017,72,41294.99,0.00,357.88,40.67,-5.40,-14.94,191.59
2017,73,41505.96,0.00,414.43,40.67,-2.50,-15.39,184.60
2017,74,41717.17,0.00,418.28,40.67,0.07,-12.89,226.70
2017,75,41928.59,0.52,426.85,41.18,3.88,-9.80,290.54
2017,76,42140.18,5.08,219.17,40.98,1.62,-5.51,405.30
2017,77,42351.92,0.00,183.81,39.42,1.78,-2.29,516.19
2017,78,42563.78,0.00,319.96,38.17,4.52,-3.02,488.76
2017,79,42775.73,0.00,384.29,36.27,8.33,-1.48,547.89
2017,80,42987.73,0.00,257.50,35.86,0.42,-5.01,420.99
2017,81,43199.77,0.00,437.46,35.86,-0.07,-11.94,244.89
2017,82,43411.80,10.81,296.21,46.67,1.46,-8.04,333.41
2017,83,43623.81,0.00,242.42,44.56,4.07,-0.98,568.46
2017,84,43835.75,0.00,150.35,42.52,1.77,-1.15,561.60
2017,85,44047.61,3.18,105.69,40.21,2.18,-0.51,588.59
2017,86,44259.35,0.00,356.30,38.04,7.02,-0.83,574.70
2017,87,44470.95,0.00,427.02,36.28,8.77,-1.81,532.40
2017,88,44682.37,0.00,263.92,34.63,3.11,-2.07,524.66
2017,89,44893.58,0.00,317.14,32.44,5.58,-0.78,576.89
2017,90,45104.55,0.00,441.51,30.72,8.74,-1.91,514.54
2017,91,45315.25,0.00,438.77,28.72,9.28,-1.23,537.75
2017,92,45525.65,1.67,457.33,26.61,10.38,-0.98,532.78
2017,93,45735.72,0.00,424.08,24.00,9.63,0.22,590.79
2017,94,45945.43,0.00,482.16,21.11,13.36,0.87,556.78
2017,95,46154.73,0.00,442.71,18.86,9.41,-0.64,539.15
2017,96,46363.61,0.00,433.32,16.74,8.70,-0.95,534.93
2017,97,46572.01,0.00,468.42,15.11,9.21,-2.12,473.60
2017,98,46779.91,0.00,530.59,13.42,16.21,-1.98,416.70
2017,99,46987.28,0.00,509.52,10.59,15.81,0.75,511.18
2017,100,47194.06,0.00,265.41,7.75,5.95,0.77,645.69
2017,101,47400.23,0.00,323.00,6.05,4.40,-1.95,529.16
2017,102,47605.75,0.00,506.54,5.04,9.76,-3.61,381.60
2017,103,47810.57,0.00,508.94,3.44,11.35,-2.18,411.89
2017,104,48014.66,3.20,382.10,0.99,13.71,-0.18,535.01
2017,105,48217.97,3.51,334.19,0.00,14.45,1.61,644.93
2017,106,48420.46,4.48,153.49,0.00,4.77,0.55,635.71
2017,107,48622.09,0.00,184.59,0.00,1.22,-2.48,509.01
2017,108,48822.80,18.56,276.98,0.00,6.23,-2.21,519.35
2017,109,49022.56,3.12,229.63,0.00,7.22,0.69,642.21
2017,110,49221.31,21.84,84.91,0.00,4.12,2.06,708.55
2017,111,49419.00,0.00,432.77,0.00,11.63,0.80,644.59
2017,112,49615.59,0.00,502.57,0.00,17.60,-0.31,528.79
2017,113,49811.01,4.21,191.09,0.00,4.58,-0.61,584.32
2017,114,50005.23,4.80,304.78,0.00,8.28,-1.41,551.01
2017,115,50198.17,19.51,351.37,0.00,13.14,-0.39,593.66
2017,116,50389.80,22.39,103.48,0.00,0.73,-1.93,529.98
2017,117,50580.04,9.86,147.78,0.00,-0.43,-4.29,444.60
2017,118,50768.83,0.00,371.75,0.00,4.50,-3.70,464.57
2017,119,50956.13,0.00,413.97,0.00,8.14,-1.69,539.63
2017,120,51141.86,0.00,407.92,0.00,9.19,-0.38,593.96
2017,121,51325.96,12.83,168.79,0.00,6.58,2.09,709.86
2017,122,51508.36,0.00,474.50,0.00,13.39,0.60,638.00
2017,123,51689.01,3.63,375.79,0.00,14.22,-0.88,572.55
2017,124,51867.83,2.28,341.17,0.00,12.47,0.87,650.41
2017,125,52044.75,4.78,234.05,0.00,8.34,1.86,698.35
2017,126,52219.70,0.00,429.17,0.00,10.82,0.69,642.18
2017,127,52392.61,0.00,433.35,0.00,8.04,-2.00,527.30
2017,128,52563.41,0.00,468.94,0.00,10.16,-1.34,553.50
2017,129,52732.02,0.00,468.86,0.00,10.76,-0.62,583.62
2017,130,52898.37,0.00,513.28,0.00,16.28,0.71,638.71
2017,131,53062.37,0.00,464.19,0.00,14.18,2.34,722.83
2017,132,53223.96,0.00,489.56,0.00,15.16,1.77,693.89
2017,133,53383.04,0.00,469.53,0.00,15.13,3.05,760.49
2017,134,53539.55,0.00,424.73,0.00,13.29,3.51,785.17
2017,135,53693.40,0.00,455.63,0.00,15.45,4.30,830.48
2017,136,53844.51,9.92,337.03,0.00,16.22,5.12,879.27
2017,137,53992.80,19.59,252.58,0.00,13.90,6.64,976.60
2017,138,54138.19,4.60,307.59,0.00,11.87,2.55,733.76
2017,139,54280.58,0.00,466.71,0.00,11.78,0.08,614.45
2017,140,54419.91,4.53,310.11,0.00,11.19,1.51,681.05
2017,141,54556.08,7.00,237.47,0.00,9.67,2.96,755.22
2017,142,54689.02,1.39,325.04,0.00,11.52,4.76,857.35
2017,143,54818.63,2.50,274.13,0.00,12.89,4.95,869.14
2017,144,54944.84,0.00,427.79,0.00,14.82,4.78,858.66
2017,145,55067.57,1.93,496.62,0.00,18.19,4.41,834.64
2017,146,55186.72,4.17,343.35,0.00,18.28,6.42,962.43
2017,147,55302.23,0.00,464.76,0.00,19.84,7.19,1014.59
2017,148,55414.01,6.28,300.22,0.00,17.03,7.34,1025.10
2017,149,55521.97,7.98,264.09,0.00,15.44,7.41,1030.07
2017,150,55626.05,1.85,325.70,0.00,14.36,7.17,1012.86
2017,151,55726.17,0.00,427.17,0.00,18.21,7.42,1030.54
2017,152,55822.25,0.00,470.06,0.00,18.22,5.50,902.72
2017,153,55914.21,0.00,477.73,0.00,18.92,5.78,920.31
2017,154,56002.00,1.10,460.90,0.00,18.97,6.69,980.52
2017,155,56085.53,2.13,327.29,0.00,17.45,6.32,955.67
2017,156,56164.75,0.00,466.84,0.00,19.64,6.78,986.46
2017,157,56239.59,0.00,463.14,0.00,19.81,7.05,1004.62
2017,158,56309.98,1.42,513.43,0.00,22.82,6.02,909.73
2017,159,56375.87,3.52,349.60,0.00,21.35,8.01,1073.19
2017,160,56437.21,4.51,321.97,0.00,18.92,7.75,1053.88
2017,161,56493.94,2.35,394.34,0.00,28.77,8.18,1085.29
2017,162,56546.02,3.06,296.15,0.00,18.79,8.79,1131.57
2017,163,56593.39,0.00,519.08,0.00,27.28,8.35,1058.89
2017,164,56636.02,20.71,291.50,0.00,20.38,10.28,1250.55
2017,165,56673.88,4.97,273.44,0.00,18.11,9.06,1151.76
2017,166,56706.92,3.37,292.27,0.00,18.44,8.57,1114.89
2017,167,56735.12,1.73,468.43,0.00,22.49,8.55,1113.30
2017,168,56758.46,4.09,306.84,0.00,21.17,10.12,1237.41
2017,169,56776.91,7.94,236.99,0.00,16.96,9.35,1174.78
2017,170,56790.45,3.03,278.24,0.00,18.86,9.49,1186.30
2017,171,56799.08,2.00,413.10,0.00,20.49,9.36,1175.78
2017,172,56802.79,5.62,314.90,0.00,20.13,8.65,1120.38
2017,173,56801.57,2.72,338.43,0.00,21.62,8.38,1100.36
2017,174,56795.42,4.62,321.25,0.00,20.45,8.37,1099.36
2017,175,56784.35,16.43,200.16,0.00,15.50,9.12,1156.92
2017,176,56768.38,22.30,248.66,0.00,16.43,8.31,1095.26
2017,177,56747.50,0.18,404.01,0.00,18.53,7.97,1069.74
2017,178,56721.75,0.00,443.20,0.00,19.92,7.53,1038.37
2017,179,56691.15,28.25,287.97,0.00,18.24,8.29,1093.73
2017,180,56655.72,2.96,214.09,0.00,17.08,10.15,1239.40
2017,181,56615.49,2.00,261.01,0.00,16.62,10.43,1262.78
2017,182,56570.50,2.53,273.80,0.00,19.60,10.34,1255.94
2017,183,56520.79,0.00,443.33,0.00,22.83,10.20,1244.20
2017,184,56466.40,0.00,387.50,0.00,21.13,11.03,1314.43
2017,185,56407.38,3.47,323.74,0.00,22.17,10.18,1242.56
2017,186,56343.78,0.00,451.02,0.00,25.63,12.12,1413.11
2017,187,56275.65,5.53,311.64,0.00,25.96,14.11,1608.99
2017,188,56203.05,0.00,349.15,0.00,20.57,11.93,1395.15
2017,189,56126.03,1.70,478.66,0.00,24.21,9.54,1190.34
2017,190,56044.67,2.33,270.21,0.00,19.47,10.58,1275.90
2017,191,55959.02,0.00,459.47,0.00,22.52,9.56,1191.94
2017,192,55869.15,2.91,322.98,0.00,22.32,10.71,1286.53
2017,193,55775.14,17.25,157.61,0.00,16.06,11.56,1361.24
2017,194,55677.05,6.22,160.61,0.00,15.00,10.51,1269.72
2017,195,55574.96,0.00,441.44,0.00,22.62,10.91,1304.29
2017,196,55468.94,0.00,498.43,0.00,27.17,10.57,1274.64
2017,197,55359.08,0.00,377.36,0.00,18.81,9.86,1215.96
2017,198,55245.44,12.04,384.00,0.00,23.73,6.74,983.75
2017,199,55128.12,0.00,484.89,0.00,25.66,10.22,1245.42
2017,200,55007.18,0.00,441.47,0.00,25.41,12.57,1455.80
2017,201,54882.72,0.00,469.75,0.00,27.14,12.09,1410.14
2017,202,54754.81,1.83,393.31,0.00,24.43,13.74,1571.03
2017,203,54623.54,0.86,290.95,0.00,20.34,13.40,1536.14
2017,204,54488.99,0.00,309.61,0.00,19.32,12.02,1403.66
2017,205,54351.25,0.00,424.56,0.00,21.15,9.70,1202.57
2017,206,54210.39,0.00,438.14,0.00,22.89,10.41,1261.81
2017,207,54066.50,0.00,428.03,0.00,26.11,13.49,1545.51
2017,208,53919.67,0.00,337.21,0.00,23.60,14.91,1694.47
2017,209,53769.97,0.00,413.64,0.00,24.09,12.46,1445.18
2017,210,53617.49,0.00,437.12,0.00,25.52,12.29,1428.50
2017,211,53462.31,4.84,336.51,0.00,28.75,13.79,1576.15
2017,212,53304.51,0.00,392.25,0.00,27.04,15.31,1738.52
2017,213,53144.18,0.00,424.80,0.00,29.40,15.50,1759.95
2017,214,52981.38,0.00,252.25,0.00,19.25,12.92,1488.98
2017,215,52816.21,12.99,166.65,0.00,15.83,10.53,1271.83
2017,216,52648.73,5.33,259.17,0.00,19.13,10.27,1249.95
2017,217,52479.03,10.19,319.54,0.00,22.17,9.77,1208.63
2017,218,52307.17,0.93,382.67,0.00,21.09,10.62,1278.87
2017,219,52133.24,0.00,457.33,0.00,26.33,11.03,1314.73
2017,220,51957.31,3.12,271.24,0.00,22.43,12.48,1446.76
2017,221,51779.44,2.90,242.39,0.00,21.28,12.82,1479.29
2017,222,51599.70,6.28,158.32,0.00,18.57,13.48,1544.46
2017,223,51418.18,0.00,336.19,0.00,21.66,12.73,1470.70
2017,224,51234.92,12.16,338.04,0.00,26.59,11.04,1315.75
2017,225,51050.00,0.00,412.62,0.00,25.05,12.09,1410.54
2017,226,50863.49,2.77,197.52,0.00,20.06,13.32,1528.15
2017,227,50675.44,0.00,333.52,0.00,20.40,11.46,1352.25
2017,228,50485.92,8.07,296.97,0.00,20.64,9.37,1176.47
2017,229,50294.99,9.24,222.15,0.00,20.19,12.65,1463.20
2017,230,50102.71,5.75,212.96,0.00,22.41,15.14,1719.37
2017,231,49909.13,0.00,368.46,0.00,24.46,14.15,1613.02
2017,232,49714.30,0.00,397.71,0.00,25.01,13.18,1514.68
2017,233,49518.30,7.68,264.21,0.00,22.32,12.70,1467.76
2017,234,49321.15,4.53,238.10,0.00,20.97,12.62,1460.01
2017,235,49122.93,0.00,360.94,0.00,19.29,9.55,1190.49
2017,236,48923.68,0.00,404.56,0.00,18.67,7.03,1003.32
2017,237,48723.44,0.00,429.14,0.00,19.03,5.80,921.94
2017,238,48522.27,16.68,286.27,0.00,18.37,7.59,1042.68
2017,239,48320.21,5.51,182.78,0.00,17.71,11.66,1371.05
2017,240,48117.31,0.00,255.17,0.00,20.08,13.67,1563.49
2017,241,47913.61,0.00,327.29,0.00,20.40,11.81,1384.29
2017,242,47709.15,0.00,340.93,0.00,21.06,11.91,1393.46
2017,243,47503.98,0.00,359.29,0.00,17.16,7.71,1051.13
2017,244,47298.13,14.56,299.38,0.00,18.77,7.03,1003.61
2017,245,47091.65,11.50,283.98,0.00,22.11,10.71,1287.02
2017,246,46884.57,6.83,240.23,0.00,22.14,13.19,1515.29
2017,247,46676.94,1.26,308.53,0.00,19.32,11.08,1319.06
2017,248,46468.78,2.30,141.96,0.00,14.08,9.59,1193.69
2017,249,46260.14,2.41,188.04,0.00,15.20,9.17,1160.71
2017,250,46051.05,2.06,191.55,0.00,14.21,8.12,1080.87
2017,251,45841.54,0.00,376.65,0.00,16.54,5.80,921.93
2017,252,45631.65,0.00,406.29,0.00,18.45,5.11,878.76
2017,253,45421.41,0.00,394.58,0.00,20.52,7.36,1026.51
2017,254,45210.86,0.00,364.51,0.00,22.97,11.33,1340.95
2017,255,45000.02,0.00,371.63,0.00,23.39,11.07,1318.23
2017,256,44788.92,0.00,352.19,0.00,23.40,11.97,1399.00
2017,257,44577.61,18.49,215.47,0.00,21.94,13.57,1553.41
2017,258,44366.10,1.82,171.82,0.00,17.90,13.45,1541.42
2017,259,44154.43,5.95,213.99,0.00,20.83,12.61,1458.83
2017,260,43942.62,0.62,246.26,0.00,18.00,11.27,1336.20
2017,261,43730.72,0.88,325.37,0.00,15.96,6.34,956.67
2017,262,43518.74,12.33,239.24,0.00,19.32,9.59,1193.79
2017,263,43306.71,1.99,265.07,0.00,19.98,12.35,1434.24
2017,264,43094.68,0.00,344.70,0.00,20.19,8.56,1113.98
2017,265,42882.65,15.27,235.20,0.00,21.67,11.45,1352.15
2017,266,42670.67,4.51,223.46,0.00,26.82,16.50,1875.84
2017,267,42458.77,2.07,191.88,0.00,24.82,16.74,1905.08
2017,268,42246.96,10.17,138.51,0.00,19.94,14.75,1677.24
2017,269,42035.29,12.83,115.33,0.00,14.95,10.86,1299.65
2017,270,41823.78,4.17,165.49,0.00,14.28,8.18,1085.40
2017,271,41612.46,0.22,342.82,0.00,18.73,6.04,937.46
2017,272,41401.37,0.00,290.61,0.00,15.06,5.93,930.46
2017,273,41190.53,4.60,245.03,0.00,15.81,4.25,827.38
2017,274,40979.97,4.33,244.01,0.00,18.14,6.09,940.48
2017,275,40769.73,43.39,183.39,0.00,18.87,11.12,1322.80
2017,276,40559.84,12.31,188.50,0.00,19.90,11.67,1371.88
2017,277,40350.33,0.00,259.86,0.00,15.67,7.29,1021.73
2017,278,40141.23,0.00,273.46,0.00,13.85,4.70,853.90
2017,279,39932.59,2.78,229.12,0.00,15.28,3.63,792.09
2017,280,39724.43,0.00,258.48,0.00,14.80,5.82,922.94
2017,281,39516.79,0.00,282.21,0.00,18.58,7.65,1046.78
2017,282,39309.71,0.00,263.17,0.00,13.31,3.97,811.37
2017,283,39103.22,0.00,288.26,0.00,12.47,1.48,679.45
2017,284,38897.37,0.00,309.15,0.00,13.83,0.39,628.40
2017,285,38692.20,0.00,260.56,0.00,13.87,4.18,823.15
2017,286,38487.73,0.00,215.84,0.00,15.57,8.01,1073.05
2017,287,38284.03,7.18,187.69,0.00,11.57,2.38,724.98
2017,288,38081.12,0.00,236.54,0.00,11.18,2.50,730.86
2017,289,37879.05,0.00,279.50,0.00,12.97,0.79,646.79
2017,290,37677.88,0.00,281.74,0.00,17.42,3.70,795.87
2017,291,37477.63,0.00,280.48,0.00,20.11,5.34,892.92
2017,292,37278.37,0.00,241.79,0.00,15.49,4.93,867.57
2017,293,37080.14,0.30,272.06,0.00,19.90,5.08,876.68
2017,294,36882.99,2.87,174.36,0.00,19.36,8.37,1099.76
2017,295,36686.98,0.90,166.62,0.00,15.04,8.24,1089.85
2017,296,36492.15,0.00,223.86,0.00,14.98,4.78,858.49
2017,297,36298.56,2.57,97.81,0.00,9.23,4.16,821.97
2017,298,36106.26,0.66,135.33,0.00,5.54,0.28,623.19
2017,299,35915.32,42.09,121.57,0.00,6.65,0.02,611.77
2017,300,35725.80,9.42,49.88,0.00,2.67,0.25,621.71
2017,301,35537.74,0.00,85.96,0.00,2.64,-0.58,585.47
2017,302,35351.21,2.77,96.41,0.00,3.81,-1.21,558.84
2017,303,35166.29,0.00,122.99,0.00,4.45,-0.32,596.59
2017,304,34983.02,0.00,80.46,0.00,1.86,-1.07,564.62
2017,305,34801.48,7.33,98.09,0.00,3.18,-1.88,532.27
2017,306,34621.74,0.00,151.08,0.00,5.29,-0.78,577.00
2017,307,34443.86,1.54,58.88,0.00,0.55,-1.51,546.99
2017,308,34267.91,8.96,119.20,0.00,4.52,-1.96,528.97
2017,309,34093.96,0.00,145.44,0.00,4.16,-1.63,541.80
2017,310,33922.09,0.00,128.11,0.00,1.37,-3.60,468.13
2017,311,33752.37,0.00,117.31,0.00,-0.68,-5.13,417.06
2017,312,33584.88,2.60,116.14,2.60,-0.73,-6.17,385.41
2017,313,33419.69,1.73,129.71,4.33,-6.87,-11.19,260.11
2017,314,33256.88,3.31,186.55,7.65,-1.91,-14.57,197.55
2017,315,33096.53,0.00,224.37,7.65,0.90,-9.02,308.81
2017,316,32938.72,0.00,132.14,6.58,1.22,-3.46,473.26
2017,317,32783.52,0.00,124.12,4.91,2.35,-2.04,526.01
2017,318,32631.02,0.00,174.26,3.41,4.39,-2.42,511.23
2017,319,32481.31,7.29,98.44,0.99,4.50,-0.24,600.32
2017,320,32334.45,2.63,128.44,0.95,0.58,-5.90,393.32
2017,321,32190.55,8.42,130.38,0.09,2.71,-3.95,455.99
2017,322,32049.67,0.00,91.38,0.00,0.90,-2.50,508.29
2017,323,31911.90,0.00,116.18,0.00,-3.00,-7.29,353.53
2017,324,31777.33,0.00,197.56,0.00,4.01,-8.44,323.27
2017,325,31646.04,0.00,177.60,0.00,0.15,-8.52,321.21
2017,326,31518.11,0.00,145.10,0.00,-2.00,-7.99,334.86
2017,327,31393.62,0.00,185.00,0.00,5.07,-6.04,389.16
2017,328,31272.66,2.73,126.71,0.00,6.69,-2.27,517.12
2017,329,31155.32,0.00,127.92,0.00,1.34,-4.19,447.96
2017,330,31041.66,0.00,177.09,0.00,3.55,-7.26,354.23
2017,331,30931.77,0.00,171.09,0.00,6.65,-4.00,454.24
2017,332,30825.72,0.00,174.76,0.00,8.94,-3.59,468.65
2017,333,30723.61,0.00,168.49,0.00,4.07,-6.83,366.18
2017,334,30625.49,0.00,155.00,0.00,5.10,-4.30,444.19
2017,335,30531.45,0.00,133.15,0.00,4.86,-2.52,507.63
2017,336,30441.56,0.00,131.17,0.00,5.90,-1.52,546.59
2017,337,30355.88,6.01,105.29,0.00,6.62,-1.99,527.97
2017,338,30274.49,16.67,90.99,0.00,7.37,0.34,625.91
2017,339,30197.44,0.00,104.92,0.00,-0.38,-6.01,390.09
2017,340,30124.81,0.00,78.52,0.00,-6.23,-10.23,280.82
2017,341,30056.65,0.00,110.96,0.00,-5.25,-11.33,257.11
2017,342,29993.02,2.03,56.74,2.03,-7.38,-10.84,267.52
2017,343,29933.97,0.80,121.93,2.83,-7.90,-13.92,208.40
2017,344,29879.55,1.88,148.43,4.71,-6.06,-14.01,207.01
2017,345,29829.81,1.71,166.14,6.42,-3.17,-13.29,219.55
2017,346,29784.79,3.24,114.28,9.66,-7.92,-16.39,169.84
2017,347,29744.53,3.31,123.72,12.97,-5.15,-15.36,185.12
2017,348,29709.07,2.58,124.12,15.55,-6.28,-16.68,165.83
2017,349,29678.43,0.00,101.38,15.55,-8.40,-13.46,216.52
2017,350,29652.65,0.00,175.79,15.55,-3.73,-16.74,164.91
2017,351,29631.74,0.00,156.85,15.55,-0.84,-10.83,267.56
2017,352,29615.73,1.72,112.46,14.93,1.72,-4.51,437.24
2017,353,29604.64,0.00,130.01,14.93,1.44,-6.17,385.39
2017,354,29598.46,1.17,74.55,16.10,-8.11,-11.83,246.96
2017,355,29597.20,0.75,117.59,16.85,-5.33,-11.59,251.75
2017,356,29600.88,0.00,128.00,16.85,-2.93,-10.01,285.69
2017,357,29609.47,0.00,99.54,16.85,-6.39,-11.41,255.52
2017,358,29622.99,1.94,127.38,18.79,-8.42,-15.11,188.92
2017,359,29641.40,0.00,76.95,18.79,-17.73,-21.34,111.09
2017,360,29664.71,0.00,122.71,18.79,-19.35,-25.43,77.13
2017,361,29692.88,0.00,157.44,18.79,-15.94,-24.78,81.80
2017,362,29725.89,3.73,136.22,22.52,-10.94,-23.75,89.74
2017,363,29763.71,0.00,160.87,22.52,-11.33,-20.38,120.80
2017,364,29806.31,0.00,130.80,22.52,-14.31,-20.68,117.75
2017,365,29853.66,0.00,103.12,22.52,-18.17,-22.81,97.57
2018,1,29905.94,0.00,176.51,42.35,-10.97,-23.57,91.17
2018,2,29962.66,2.03,114.63,44.38,-9.60,-19.01,136.01
2018,3,30023.99,0.00,108.33,44.38,-13.85,-19.73,127.87
2018,4,30089.87,0.00,135.33,44.38,-15.74,-23.39,92.68
2018,5,30160.26,0.00,131.11,44.38,-16.07,-23.32,93.26
2018,6,30235.08,3.12,148.35,47.50,-7.38,-23.92,88.35
2018,7,30314.29,0.96,188.78,48.47,-2.55,-16.29,171.31
2018,8,30397.81,0.00,146.98,48.47,-1.14,-9.53,296.66
2018,9,30485.59,0.00,201.98,48.47,1.51,-15.40,184.54
2018,10,30577.55,2.93,141.05,51.39,3.11,-9.69,292.89
2018,11,30673.62,6.39,114.40,57.78,0.66,-7.79,340.16
2018,12,30773.72,0.00,158.02,57.78,-11.98,-20.45,120.13
2018,13,30877.80,0.00,162.01,57.78,-12.99,-21.65,108.18
2018,14,30985.75,3.60,149.32,61.38,-9.11,-21.55,109.06
2018,15,31097.52,0.01,196.49,61.39,-4.90,-16.79,164.27
2018,16,31213.02,0.00,157.64,61.39,-6.63,-14.60,197.05
2018,17,31332.17,0.00,205.34,61.39,0.32,-12.43,235.33
2018,18,31454.88,0.00,198.55,61.39,1.93,-9.65,293.95
2018,19,31581.09,0.00,199.01,61.39,5.18,-6.35,380.05
2018,20,31710.69,0.00,148.61,60.13,4.22,-3.01,489.40
2018,21,31843.62,0.00,95.20,59.61,-0.51,-4.74,429.53
2018,22,31979.79,0.00,94.47,59.61,-3.74,-7.82,339.17
2018,23,32119.11,0.00,121.92,59.61,-5.38,-10.68,270.86
2018,24,32261.50,1.60,167.65,61.21,-4.76,-12.41,235.68
2018,25,32406.88,0.00,174.38,61.21,-0.94,-8.93,311.09
2018,26,32555.16,0.00,211.17,61.04,5.25,-5.60,402.32
2018,27,32706.26,0.00,131.06,60.38,1.09,-4.42,440.02
2018,28,32860.11,0.00,100.22,60.38,-9.21,-13.14,222.23
2018,29,33016.61,0.00,167.33,60.38,-10.77,-17.68,152.40
2018,30,33175.69,1.49,260.16,61.86,-2.58,-18.25,145.18
2018,31,33337.27,0.00,257.46,61.86,-1.90,-16.30,171.18
2018,32,33501.27,0.00,148.06,61.86,-13.49,-19.12,134.78
2018,33,33667.61,1.45,174.28,63.32,-14.75,-21.47,109.89
2018,34,33836.22,0.00,181.53,63.32,-14.24,-21.16,112.93
2018,35,34007.01,0.00,224.36,63.32,-13.48,-22.67,98.79
2018,36,34179.92,0.00,241.48,63.32,-11.59,-21.56,108.98
2018,37,34354.86,0.00,276.93,63.32,-11.06,-24.18,86.35
2018,38,34531.78,0.00,277.33,63.32,-8.84,-21.75,107.21
2018,39,34710.60,0.00,248.07,63.32,-11.26,-20.90,115.44
2018,40,34891.24,0.00,277.00,63.32,-9.96,-21.66,108.05
2018,41,35073.64,0.00,288.85,63.32,-8.05,-20.82,116.32
2018,42,35257.74,0.00,294.47,63.32,-5.71,-18.94,136.79
2018,43,35443.47,0.00,260.70,63.32,-9.82,-19.64,128.86
2018,44,35630.76,0.73,324.95,64.05,-0.41,-18.88,137.59
2018,45,35819.55,1.41,306.88,65.46,4.19,-9.90,288.16
2018,46,36009.79,0.00,247.24,65.46,0.84,-8.08,332.52
2018,47,36201.40,1.34,310.56,66.79,-4.14,-17.19,158.74
2018,48,36394.35,0.00,311.13,66.79,-0.18,-13.09,223.06
2018,49,36588.56,12.17,190.38,78.96,-5.90,-14.33,201.57
2018,50,36783.98,2.32,112.57,81.28,-8.07,-12.46,234.80
2018,51,36980.57,2.88,115.91,84.17,-7.32,-11.78,248.00
2018,52,37178.26,0.00,328.14,84.17,-3.93,-16.43,169.35
2018,53,37377.01,8.12,266.13,92.29,-2.53,-17.66,152.63
2018,54,37576.76,0.00,330.35,92.29,0.91,-11.61,251.38
2018,55,37777.47,12.98,248.40,105.27,-0.22,-12.35,236.96
2018,56,37979.09,0.00,274.76,105.27,-0.44,-9.18,305.06
2018,57,38181.58,0.00,316.90,105.27,2.94,-7.98,335.11
2018,58,38384.89,0.00,329.14,105.27,4.77,-6.95,362.92
2018,59,38588.98,0.00,253.16,105.15,2.13,-5.71,399.12
2018,60,38793.80,0.00,263.92,105.15,0.04,-7.87,337.86
2018,61,38999.32,0.00,343.57,105.15,2.07,-9.35,300.98
2018,62,39205.49,0.00,353.50,105.15,3.65,-8.41,323.93
2018,63,39412.27,0.00,255.81,104.66,2.61,-4.83,426.71
2018,64,39619.63,0.00,136.14,103.45,0.48,-3.12,485.18
2018,65,39827.53,0.00,239.57,103.45,-1.04,-7.57,345.85
2018,66,40035.94,0.00,267.28,103.45,-3.04,-10.28,279.62
2018,67,40244.81,0.00,337.67,103.45,-0.06,-9.81,290.29
2018,68,40454.11,0.00,285.05,103.45,-0.52,-8.01,334.23
2018,69,40663.82,0.00,353.67,103.45,0.55,-9.44,298.80
2018,70,40873.89,0.00,428.80,103.45,2.50,-12.25,238.81
2018,71,41084.29,0.00,401.09,103.45,2.87,-9.38,300.26
2018,72,41294.99,0.00,274.28,103.45,-2.28,-8.97,310.13
2018,73,41505.96,0.00,449.33,103.45,5.42,-10.31,279.00
2018,74,41717.17,0.00,395.32,103.45,-0.32,-11.18,260.34
2018,75,41928.59,0.00,463.11,103.45,2.59,-13.20,221.14
2018,76,42140.18,0.00,461.84,103.45,5.80,-9.89,288.31
2018,77,42351.92,0.00,368.61,103.45,2.80,-6.67,370.87
2018,78,42563.78,0.00,241.83,103.45,-2.11,-7.47,348.56
2018,79,42775.73,0.00,349.14,103.45,-2.22,-10.45,275.80
2018,80,42987.73,0.00,399.17,103.45,0.18,-9.95,287.02
2018,81,43199.77,0.00,451.30,103.45,1.85,-11.06,262.74
2018,82,43411.80,0.00,387.72,103.45,0.24,-9.32,301.66
2018,83,43623.81,0.00,356.26,103.45,-0.65,-8.85,312.91
2018,84,43835.75,0.00,464.29,103.45,3.60,-9.16,305.62
2018,85,44047.61,5.23,291.16,103.44,3.10,-5.97,391.20
2018,86,44259.35,0.00,335.73,101.77,5.40,-2.04,525.82
2018,87,44470.95,0.00,470.87,100.63,9.30,-3.29,371.29
2018,88,44682.37,0.00,349.90,100.12,2.77,-4.79,414.71
2018,89,44893.58,0.00,335.42,100.12,-3.76,-10.73,269.89
2018,90,45104.55,0.00,388.71,100.12,-2.07,-10.46,269.69
2018,91,45315.25,0.00,477.02,100.12,0.05,-11.58,216.38
2018,92,45525.65,0.00,408.94,100.12,-1.35,-10.12,264.03
2018,93,45735.72,0.00,317.72,100.12,-2.36,-8.62,318.82
2018,94,45945.43,0.00,428.68,100.12,-0.19,-9.53,261.06
2018,95,46154.73,0.50,427.54,100.62,1.09,-8.21,282.01
2018,96,46363.61,0.00,258.52,100.62,-3.05,-7.98,335.14
2018,97,46572.01,0.00,423.94,100.62,-0.35,-9.26,261.76
2018,98,46779.91,0.00,499.11,100.62,-0.20,-11.92,193.87
2018,99,46987.28,0.00,533.96,100.62,3.20,-10.52,191.79
2018,100,47194.06,0.00,481.39,100.62,3.22,-7.55,255.10
2018,101,47400.23,2.18,364.13,99.87,6.75,-4.20,353.11
2018,102,47605.75,0.00,360.67,98.08,5.35,-1.73,412.58
2018,103,47810.57,0.00,330.62,96.76,3.29,-2.87,411.62
2018,104,48014.66,0.00,228.93,96.57,-1.59,-5.55,403.86
2018,105,48217.97,12.87,129.15,96.41,-2.84,-5.60,402.39
2018,106,48420.46,5.55,193.86,96.33,-1.66,-5.81,395.97
2018,107,48622.09,0.00,444.29,95.75,3.29,-4.63,346.87
2018,108,48822.80,0.00,472.18,94.14,6.65,-2.15,375.65
2018,109,49022.56,0.00,547.05,92.92,8.64,-3.09,302.95
2018,110,49221.31,0.00,564.85,91.34,10.57,-2.25,299.63
2018,111,49419.00,0.00,558.26,89.79,9.94,-2.31,304.10
2018,112,49615.59,0.00,580.70,88.12,11.83,-2.03,286.60
2018,113,49811.01,0.00,601.35,86.10,15.18,-1.18,272.14
2018,114,50005.23,0.00,555.34,83.92,11.50,-0.81,325.00
2018,115,50198.17,0.00,490.17,82.44,7.05,-2.47,342.87
2018,116,50389.80,0.00,590.30,80.46,13.54,-1.29,275.11
2018,117,50580.04,0.00,409.02,78.84,5.19,-2.14,406.44
2018,118,50768.83,0.00,453.90,77.61,5.34,-3.07,354.90
2018,119,50956.13,0.00,602.71,76.92,11.20,-4.36,226.28
2018,120,51141.86,0.00,619.05,74.91,17.16,-1.20,237.43
2018,121,51325.96,0.00,617.19,70.74,22.90,3.91,288.86
2018,122,51508.36,0.00,375.72,67.57,8.64,1.56,512.77
2018,123,51689.01,0.00,582.61,65.47,13.75,-1.00,268.99
2018,124,51867.83,0.00,622.93,62.37,21.68,1.38,237.02
2018,125,52044.75,0.00,516.75,58.41,15.27,3.44,389.64
2018,126,52219.70,0.00,462.01,54.70,12.84,2.83,435.60
2018,127,52392.61,0.00,579.96,51.60,17.02,1.38,283.85
2018,128,52563.41,8.07,346.74,47.51,14.06,3.73,567.33
2018,129,52732.02,4.70,262.68,43.31,11.13,4.00,735.52
2018,130,52898.37,0.00,428.73,39.86,11.21,2.21,514.70
2018,131,53062.37,0.00,522.52,38.35,9.66,-2.41,331.16
2018,132,53223.96,0.00,545.82,36.33,12.22,-1.19,330.65
2018,133,53383.04,0.00,603.13,33.58,19.05,0.56,295.51
2018,134,53539.55,0.00,580.32,29.42,21.00,3.90,373.22
2018,135,53693.40,0.00,417.12,25.51,12.98,3.32,542.61
2018,136,53844.51,0.00,580.07,21.96,20.31,2.45,329.82
2018,137,53992.80,0.00,406.04,18.21,12.63,2.93,532.63
2018,138,54138.19,0.13,528.33,14.31,17.98,3.27,393.60
2018,139,54280.58,0.00,443.30,9.98,15.44,4.31,517.48
2018,140,54419.91,0.00,555.44,7.40,16.35,0.14,252.99
2018,141,54556.08,0.00,577.06,3.73,21.03,2.74,262.88
2018,142,54689.02,0.00,501.89,0.00,21.06,4.07,302.61
2018,143,54818.63,0.00,455.64,0.00,20.34,6.36,405.56
2018,144,54944.84,0.00,427.15,0.00,19.82,7.34,391.80
2018,145,55067.57,2.43,344.10,0.00,24.23,9.63,552.26
2018,146,55186.72,4.52,340.09,0.00,21.82,7.94,390.19
2018,147,55302.23,0.00,416.83,0.00,19.07,6.96,360.30
2018,148,55414.01,0.00,486.16,0.00,24.58,8.30,397.31
2018,149,55521.97,7.48,326.18,0.00,23.41,10.00,521.83
2018,150,55626.05,23.94,293.93,0.00,19.98,8.58,653.59
2018,151,55726.17,4.78,360.76,0.00,23.36,7.21,657.30
2018,152,55822.25,0.00,252.93,0.00,11.39,4.70,788.14
2018,153,55914.21,7.46,229.07,0.00,13.02,4.83,816.32
2018,154,56002.00,4.63,261.58,0.00,14.53,5.16,809.67
2018,155,56085.53,0.00,465.69,0.00,20.06,5.78,588.84
2018,156,56164.75,0.00,389.62,0.00,14.78,4.05,629.37
2018,157,56239.59,0.00,478.15,0.00,18.56,3.72,510.38
2018,158,56309.98,0.00,447.90,0.00,19.68,6.27,628.18
2018,159,56375.87,0.00,458.12,0.00,19.81,5.69,592.16
2018,160,56437.21,0.00,412.26,0.00,19.41,7.30,715.63
2018,161,56493.94,0.00,442.65,0.00,21.62,8.02,694.43
2018,162,56546.02,0.00,462.23,0.00,21.49,6.89,623.28
2018,163,56593.39,0.00,449.46,0.00,21.78,7.96,681.29
2018,164,56636.02,0.00,506.89,0.00,26.62,8.80,612.23
2018,165,56673.88,0.00,459.34,0.00,22.86,8.30,675.80
2018,166,56706.92,15.11,258.55,0.00,18.31,8.69,1018.34
2018,167,56735.12,26.55,274.75,0.00,19.50,8.99,1068.48
2018,168,56758.46,14.81,280.21,0.00,22.09,11.09,1298.89
2018,169,56776.91,0.00,444.90,0.00,25.34,11.01,1095.74
2018,170,56790.45,0.00,397.49,0.00,21.18,9.51,1072.48
2018,171,56799.08,0.00,445.26,0.00,22.37,8.64,955.39
2018,172,56802.79,0.00,413.89,0.00,19.80,7.84,952.43
2018,173,56801.57,0.00,431.50,0.00,20.22,7.51,912.60
2018,174,56795.42,0.00,431.50,0.00,20.14,7.44,908.54
2018,175,56784.35,0.00,357.34,0.00,16.94,7.35,993.62
2018,176,56768.38,0.00,444.72,0.00,18.80,5.80,797.59
2018,177,56747.50,0.00,440.50,0.00,20.63,7.64,894.08
2018,178,56721.75,0.00,406.27,0.00,20.70,9.26,1033.16
2018,179,56691.15,0.00,485.77,0.00,25.91,9.86,947.66
2018,180,56655.72,12.13,326.06,0.00,24.06,10.72,1221.21
2018,181,56615.49,2.27,317.30,0.00,25.08,12.16,1385.92
2018,182,56570.50,24.51,253.55,0.00,20.61,11.35,1342.68
2018,183,56520.79,1.98,475.41,0.00,25.39,9.45,1055.56
2018,184,56466.40,1.34,374.10,0.00,22.85,11.91,1378.68
2018,185,56407.38,3.21,305.82,0.00,23.93,11.51,1357.25
2018,186,56343.78,0.00,459.63,0.00,25.80,10.53,1164.33
2018,187,56275.65,0.00,451.21,0.00,23.16,8.75,1057.58
2018,188,56203.05,0.00,462.52,0.00,24.85,9.48,1090.14
2018,189,56126.03,10.83,319.03,0.00,25.37,11.74,1377.81
2018,190,56044.67,0.00,430.73,0.00,27.79,13.52,1469.56
2018,191,55959.02,0.00,430.17,0.00,25.84,11.88,1334.85
2018,192,55869.15,27.37,291.04,0.00,22.12,10.55,1273.12
2018,193,55775.14,0.00,365.37,0.00,22.81,12.09,1410.31
2018,194,55677.05,0.00,390.61,0.00,24.88,13.05,1502.24
2018,195,55574.96,0.00,400.33,0.00,26.94,14.43,1642.37
2018,196,55468.94,0.00,403.47,0.00,26.25,13.62,1556.94
2018,197,55359.08,0.00,423.94,0.00,24.86,11.43,1327.55
2018,198,55245.44,0.00,323.75,0.00,18.54,9.66,1199.40
2018,199,55128.12,0.00,442.39,0.00,22.17,8.21,1073.57
2018,200,55007.18,0.00,439.78,0.00,24.76,10.46,1234.17
2018,201,54882.72,1.57,310.88,0.00,20.79,12.17,1417.27
2018,202,54754.81,0.00,336.72,0.00,22.76,13.15,1511.96
2018,203,54623.54,0.00,302.80,0.00,21.80,13.46,1542.23
2018,204,54488.99,0.00,359.42,0.00,23.24,12.89,1486.63
2018,205,54351.25,0.00,425.55,0.00,26.99,13.15,1482.39
2018,206,54210.39,0.00,386.92,0.00,23.79,12.21,1420.92
2018,207,54066.50,4.85,258.64,0.00,21.92,12.18,1418.17
2018,208,53919.67,0.00,299.71,0.00,19.63,11.58,1363.49
2018,209,53769.97,3.35,310.59,0.00,23.75,11.14,1324.13
2018,210,53617.49,0.42,412.18,0.00,24.27,11.66,1370.67
2018,211,53462.31,0.00,444.48,0.00,25.73,11.08,1308.73
2018,212,53304.51,10.02,337.29,0.00,26.88,11.39,1346.68
2018,213,53144.18,5.50,166.77,0.00,16.34,10.69,1285.55
2018,214,52981.38,0.00,286.06,0.00,16.03,8.69,1123.43
2018,215,52816.21,0.00,419.77,0.00,19.29,6.93,996.55
2018,216,52648.73,24.02,290.43,0.00,21.11,10.03,1230.05
2018,217,52479.03,4.51,295.38,0.00,25.46,13.54,1551.12
2018,218,52307.17,0.66,347.19,0.00,23.52,13.81,1578.55
2018,219,52133.24,0.00,325.77,0.00,20.18,11.59,1363.98
2018,220,51957.31,0.00,422.96,0.00,23.59,10.75,1290.14
2018,221,51779.44,0.00,400.94,0.00,25.18,13.16,1512.59
2018,222,51599.70,0.00,394.37,0.00,26.52,14.50,1650.67
2018,223,51418.18,0.00,373.61,0.00,26.12,15.04,1708.83
2018,224,51234.92,0.00,396.91,0.00,26.34,14.11,1609.10
2018,225,51050.00,0.00,405.15,0.00,27.54,14.58,1658.67
2018,226,50863.49,0.00,328.16,0.00,24.62,15.39,1748.13
2018,227,50675.44,0.00,306.05,0.00,21.54,13.42,1539.06
2018,228,50485.92,0.00,379.74,0.00,23.43,12.34,1433.13
2018,229,50294.99,0.00,311.88,0.00,21.57,13.26,1522.32
2018,230,50102.71,0.00,286.25,0.00,20.88,13.52,1548.61
2018,231,49909.13,0.00,374.67,0.00,22.96,12.22,1422.44
2018,232,49714.30,0.00,284.98,0.00,21.28,13.85,1582.73
2018,233,49518.30,0.00,295.51,0.00,20.08,12.40,1439.43
2018,234,49321.15,0.00,394.22,0.00,23.98,12.00,1401.43
2018,235,49122.93,0.00,389.55,0.00,24.35,12.52,1450.14
2018,236,48923.68,11.01,154.56,0.00,18.57,13.49,1545.75
2018,237,48723.44,0.00,245.11,0.00,20.71,14.50,1649.80
2018,238,48522.27,10.52,262.40,0.00,24.34,14.26,1624.90
2018,239,48320.21,17.96,287.79,0.00,25.50,13.62,1558.66
2018,240,48117.31,0.00,146.84,0.00,14.52,11.13,1323.54
2018,241,47913.61,0.00,267.32,0.00,16.57,10.12,1236.91
2018,242,47709.15,10.76,312.78,0.00,20.62,7.88,1063.45
2018,243,47503.98,17.99,275.64,0.00,21.38,10.93,1306.21
2018,244,47298.13,0.00,304.74,0.00,24.72,16.24,1845.38
2018,245,47091.65,1.39,285.48,0.00,22.19,14.66,1667.69
2018,246,46884.57,0.00,357.12,0.00,22.35,12.07,1408.75
2018,247,46676.94,7.74,188.63,0.00,19.48,13.19,1515.68
2018,248,46468.78,0.00,305.36,0.00,20.90,12.81,1478.83
2018,249,46260.14,0.00,418.45,0.00,19.67,5.71,915.93
2018,250,46051.05,0.00,404.41,0.00,19.80,6.71,981.87
2018,251,45841.54,0.00,359.27,0.00,17.43,7.19,1014.68
2018,252,45631.65,0.00,374.68,0.00,18.22,7.00,1001.55
2018,253,45421.41,0.46,378.63,0.00,19.88,8.02,1073.86
2018,254,45210.86,0.00,390.52,0.00,23.90,10.20,1243.76
2018,255,45000.02,0.00,340.00,0.00,24.26,13.60,1557.04
2018,256,44788.92,0.00,340.40,0.00,24.52,13.62,1558.68
2018,257,44577.61,0.00,323.76,0.00,25.65,15.22,1728.40
2018,258,44366.10,0.00,208.14,0.00,21.12,15.45,1753.89
2018,259,44154.43,0.00,277.92,0.00,23.62,15.37,1745.09
2018,260,43942.62,0.00,288.80,0.00,21.45,12.89,1486.44
2018,261,43730.72,0.00,196.34,0.00,13.21,8.19,1086.37
2018,262,43518.74,0.00,229.10,0.00,14.49,8.45,1105.32
2018,263,43306.71,35.36,156.20,0.00,15.10,9.63,1196.91
2018,264,43094.68,2.54,134.48,0.00,13.89,9.34,1173.82
2018,265,42882.65,3.97,256.50,0.00,15.27,4.65,850.99
2018,266,42670.67,0.66,268.26,0.00,10.79,3.53,786.74
2018,267,42458.77,6.90,253.04,0.00,18.02,6.76,985.04
2018,268,42246.96,3.39,110.67,0.00,13.60,9.75,1207.28
2018,269,42035.29,1.07,247.33,0.00,13.26,6.49,966.86
2018,270,41823.78,5.00,194.42,0.00,13.28,5.91,929.04
2018,271,41612.46,2.30,185.94,0.00,10.91,3.97,810.98
2018,272,41401.37,2.11,175.41,0.00,7.22,0.94,653.50
2018,273,41190.53,1.18,333.49,0.00,12.55,1.22,667.14
2018,274,40979.97,1.22,243.40,0.00,8.87,2.05,708.00
2018,275,40769.73,1.42,290.98,0.00,11.32,2.25,718.22
2018,276,40559.84,20.19,238.23,0.00,15.36,4.09,817.87
2018,277,40350.33,5.59,172.00,0.00,9.06,2.40,726.07
2018,278,40141.23,9.09,164.44,0.00,7.52,1.22,667.19
2018,279,39932.59,0.36,231.62,0.00,10.16,3.37,777.60
2018,280,39724.43,3.98,74.17,0.00,6.49,3.97,811.38
2018,281,39516.79,11.74,95.88,0.00,7.91,4.57,846.43
2018,282,39309.71,34.39,55.14,0.00,6.33,4.61,848.58
2018,283,39103.22,20.91,53.61,0.00,5.17,3.56,788.01
2018,284,38897.37,3.45,107.79,0.00,5.01,1.49,680.35
2018,285,38692.20,0.00,150.76,0.00,2.42,-1.21,558.99
2018,286,38487.73,0.00,316.24,0.00,8.14,-3.65,466.28
2018,287,38284.03,0.00,232.99,0.00,4.80,-1.48,548.13
2018,288,38081.12,0.00,216.30,0.00,5.66,-0.14,604.34
2018,289,37879.05,0.00,266.30,0.00,8.21,-0.06,607.91
2018,290,37677.88,0.00,217.33,0.00,4.32,-1.63,542.05
2018,291,37477.63,0.00,312.32,0.00,15.10,-4.22,446.78
2018,292,37278.37,0.00,292.69,0.00,15.06,1.46,678.80
2018,293,37080.14,0.00,151.74,0.00,3.52,-0.79,576.42
2018,294,36882.99,0.00,237.43,0.00,6.21,-1.80,535.17
2018,295,36686.98,0.00,288.07,0.00,12.85,-2.02,526.71
2018,296,36492.15,0.00,232.54,0.00,7.53,-0.75,578.03
2018,297,36298.56,0.17,253.56,0.00,7.70,-2.31,515.39
2018,298,36106.26,8.08,177.72,0.00,8.99,-0.22,600.94
2018,299,35915.32,2.16,69.66,0.00,6.93,4.04,815.13
2018,300,35725.80,4.51,63.83,0.00,8.05,5.40,896.84
2018,301,35537.74,2.14,52.57,0.00,7.12,5.01,872.51
2018,302,35351.21,0.00,125.14,0.00,8.36,4.31,830.77
2018,303,35166.29,2.63,112.69,0.00,7.62,2.69,740.99
2018,304,34983.02,0.00,165.67,0.00,6.79,1.19,665.66
2018,305,34801.48,0.00,184.68,0.00,5.69,-0.79,576.41
2018,306,34621.74,5.67,122.00,0.00,5.01,-0.43,591.77
2018,307,34443.86,0.00,180.53,0.00,5.91,-0.51,588.35
2018,308,34267.91,20.42,137.32,0.00,5.74,-0.94,570.11
2018,309,34093.96,0.49,171.16,0.00,7.25,1.02,657.29
2018,310,33922.09,1.53,90.54,0.00,5.65,2.64,738.21
2018,311,33752.37,0.00,95.68,0.00,1.99,-1.20,559.50
2018,312,33584.88,8.08,51.00,0.00,-1.63,-3.82,460.39
2018,313,33419.69,5.30,75.43,5.30,-3.13,-6.18,385.14
2018,314,33256.88,4.70,149.61,10.00,-3.32,-10.44,276.13
2018,315,33096.53,2.31,155.86,12.31,-1.50,-9.44,298.82
2018,316,32938.72,0.00,186.39,12.31,-3.54,-10.18,281.90
2018,317,32783.52,0.00,173.33,12.31,-6.90,-12.95,225.69
2018,318,32631.02,0.00,244.39,12.31,1.58,-13.47,216.37
2018,319,32481.31,1.79,222.26,14.10,3.78,-7.02,360.96
2018,320,32334.45,0.00,125.71,13.10,0.92,-3.62,467.54
2018,321,32190.55,0.00,145.47,13.10,-4.76,-9.89,288.45
2018,322,32049.67,1.12,198.52,14.22,-6.02,-14.15,204.59
2018,323,31911.90,0.00,193.70,14.22,-6.25,-14.27,202.52
2018,324,31777.33,1.65,204.59,15.87,-5.80,-15.10,189.19
2018,325,31646.04,0.00,198.76,15.87,-6.46,-15.18,187.84
2018,326,31518.11,0.00,219.09,15.87,1.62,-11.86,246.35
2018,327,31393.62,5.47,151.51,15.18,6.47,-4.35,442.65
2018,328,31272.66,3.79,77.53,12.65,3.89,0.02,611.70
2018,329,31155.32,0.00,106.10,12.42,-1.50,-5.46,406.87
2018,330,31041.66,0.00,115.35,12.42,-4.68,-9.07,307.79
2018,331,30931.77,0.00,101.59,12.42,-5.35,-9.21,304.23
2018,332,30825.72,0.00,164.84,12.42,-1.73,-9.21,304.40
2018,333,30723.61,7.07,101.81,19.49,-0.51,-6.21,384.15
2018,334,30625.49,0.00,85.83,18.11,0.67,-2.73,499.74
2018,335,30531.45,0.00,78.03,17.01,-0.32,-3.37,476.18
2018,336,30441.56,0.00,82.91,16.05,-0.45,-3.72,463.88
2018,337,30355.88,0.00,120.26,16.05,-1.83,-6.82,366.60
2018,338,30274.49,0.00,141.06,16.05,-2.85,-9.05,308.14
2018,339,30197.44,0.00,129.70,16.05,-1.90,-7.49,348.00
2018,340,30124.81,0.00,117.12,16.05,-6.98,-11.90,245.57
2018,341,30056.65,0.00,167.36,16.05,-7.27,-15.99,175.71
2018,342,29993.02,0.00,182.99,16.05,-0.34,-12.68,230.68
2018,343,29933.97,0.00,167.89,16.05,-0.43,-10.23,280.76
2018,344,29879.55,0.00,171.05,16.05,0.97,-9.62,294.70
2018,345,29829.81,0.00,162.45,16.05,-0.71,-10.18,281.96
2018,346,29784.79,0.00,139.41,16.02,1.45,-5.92,392.85
2018,347,29744.53,0.00,90.57,14.09,2.91,-1.42,550.30
2018,348,29709.07,0.00,159.30,12.86,6.58,-3.05,487.83
2018,349,29678.43,0.00,163.31,12.19,5.83,-4.42,440.03
2018,350,29652.65,0.00,170.65,11.88,6.87,-5.24,413.55
2018,351,29631.74,0.00,145.20,11.88,0.25,-7.90,337.07
2018,352,29615.73,0.00,167.96,11.88,1.85,-9.58,295.53
2018,353,29604.64,1.80,162.02,13.68,3.59,-6.99,361.68
2018,354,29598.46,0.00,142.66,13.68,1.90,-6.26,382.77
2018,355,29597.20,0.00,104.66,13.68,-3.98,-9.16,305.59
2018,356,29600.88,1.38,124.92,15.06,-2.13,-8.48,322.26
2018,357,29609.47,4.82,74.21,19.88,-1.51,-6.16,385.62
2018,358,29622.99,1.77,93.00,21.64,-2.73,-7.03,360.58
2018,359,29641.40,0.00,95.17,21.64,-2.30,-6.72,369.40
2018,360,29664.71,13.46,107.26,35.10,-0.17,-7.62,344.65
2018,361,29692.88,26.34,99.38,34.92,1.14,-5.58,402.97
2018,362,29725.89,0.00,138.44,34.92,-3.86,-10.81,268.05
2018,363,29763.71,2.23,127.81,37.15,-6.59,-16.67,165.98
2018,364,29806.31,2.62,122.69,39.77,-3.21,-12.60,232.06
2018,365,29853.66,2.58,102.17,42.35,-4.84,-11.74,248.80
2019,1,29905.94,0.00,151.09,24.11,-8.45,-17.26,157.83
2019,2,29962.66,0.00,179.79,24.11,-5.21,-18.05,147.62
2019,3,30023.99,1.52,182.80,25.62,1.52,-12.26,238.59
2019,4,30089.87,0.00,151.34,25.05,4.40,-4.63,433.18
2019,5,30160.26,0.00,132.37,24.62,2.27,-4.97,422.15
2019,6,30235.08,11.64,107.26,36.26,-0.45,-8.22,328.81
2019,7,30314.29,5.63,90.93,35.75,1.47,-4.79,427.87
2019,8,30397.81,0.00,107.81,35.65,-0.42,-5.75,397.75
2019,9,30485.59,0.00,74.47,35.65,-9.01,-12.45,235.02
2019,10,30577.55,2.36,122.65,38.02,-6.63,-15.43,184.10
2019,11,30673.62,0.00,160.60,38.02,-3.48,-11.95,244.60
2019,12,30773.72,0.00,102.48,38.02,-2.65,-7.42,349.81
2019,13,30877.80,0.00,148.32,38.02,0.41,-7.04,360.46
2019,14,30985.75,0.00,142.14,38.02,-0.19,-7.11,358.49
2019,15,31097.52,0.00,177.55,38.02,-1.24,-10.67,271.09
2019,16,31213.02,0.00,165.43,38.02,-10.21,-18.23,145.36
2019,17,31332.17,0.00,195.35,38.02,-7.07,-17.70,152.13
2019,18,31454.88,0.00,131.30,38.02,-14.05,-19.77,127.36
2019,19,31581.09,0.00,174.59,38.02,-14.68,-22.87,97.05
2019,20,31710.69,0.00,198.11,38.02,-14.29,-24.30,85.43
2019,21,31843.62,2.96,176.61,40.97,-5.91,-23.65,90.53
2019,22,31979.79,2.52,161.16,43.49,-4.39,-15.91,176.81
2019,23,32119.11,1.45,162.54,44.94,-6.08,-13.05,223.78
2019,24,32261.50,0.00,154.51,44.94,-8.42,-14.82,193.64
2019,25,32406.88,0.00,131.46,44.94,-18.94,-24.05,87.37
2019,26,32555.16,0.00,225.46,44.94,-15.61,-26.61,69.22
2019,27,32706.26,0.00,216.47,44.94,-19.64,-29.43,53.20
2019,28,32860.11,1.69,248.86,46.63,-12.78,-26.30,71.19
2019,29,33016.61,2.89,131.06,49.52,-15.91,-22.66,98.88
2019,30,33175.69,0.00,152.61,49.52,-19.70,-25.30,78.04
2019,31,33337.27,0.00,241.30,49.52,-17.67,-28.67,57.15
2019,32,33501.27,1.37,277.30,50.89,-6.82,-26.41,70.49
2019,33,33667.61,0.00,266.42,50.89,-6.13,-20.24,122.28
2019,34,33836.22,3.53,148.78,54.42,-3.13,-10.74,269.56
2019,35,34007.01,5.27,101.30,59.69,-8.74,-13.34,218.58
2019,36,34179.92,3.46,153.92,63.15,-10.91,-18.32,144.34
2019,37,34354.86,3.80,170.87,66.95,-6.53,-15.09,189.31
2019,38,34531.78,9.39,118.05,76.34,-8.78,-13.94,208.09
2019,39,34710.60,0.00,174.81,76.34,-12.59,-18.33,144.15
2019,40,34891.24,0.00,264.21,76.34,-11.76,-21.92,105.56
2019,41,35073.64,0.00,263.98,76.34,-9.46,-19.43,131.19
2019,42,35257.74,2.44,209.80,78.78,-4.92,-16.09,174.16
2019,43,35443.47,0.00,205.54,78.78,-4.79,-11.57,252.33
2019,44,35630.76,0.00,264.53,78.78,-1.37,-11.07,262.56
2019,45,35819.55,5.08,186.77,83.86,-1.89,-10.43,276.36
2019,46,36009.79,0.00,186.57,83.86,-5.22,-10.93,265.46
2019,47,36201.40,0.00,286.06,83.86,-5.57,-15.63,181.04
2019,48,36394.35,0.00,310.46,83.86,-6.34,-18.08,147.31
2019,49,36588.56,0.00,298.59,83.86,-8.61,-19.17,134.16
2019,50,36783.98,0.00,341.74,83.86,-5.48,-20.03,124.58
2019,51,36980.57,6.54,254.66,90.40,-3.89,-17.26,157.89
2019,52,37178.26,0.00,299.63,90.40,-0.92,-10.90,266.20
2019,53,37377.01,0.00,199.99,90.40,-1.39,-7.07,359.56
2019,54,37576.76,11.01,136.05,90.28,-0.71,-5.72,398.83
2019,55,37777.47,8.12,191.66,98.41,-1.36,-8.73,315.94
2019,56,37979.09,0.00,278.90,98.41,-12.37,-20.27,121.96
2019,57,38181.58,3.43,274.57,101.84,-11.28,-24.02,87.62
2019,58,38384.89,0.00,362.90,101.84,-7.98,-20.05,124.32
2019,59,38588.98,0.00,386.17,101.84,-3.38,-17.77,151.17
2019,60,38793.80,1.73,375.69,103.57,-5.19,-18.16,146.21
2019,61,38999.32,0.00,340.68,103.57,-7.66,-17.93,149.17
2019,62,39205.49,0.00,269.30,103.57,-14.16,-21.03,114.20
2019,63,39412.27,0.99,379.78,104.55,-11.79,-23.30,93.42
2019,64,39619.63,0.00,349.92,104.55,-11.59,-21.27,111.84
2019,65,39827.53,0.00,426.21,104.55,-6.91,-22.91,96.77
2019,66,40035.94,0.00,422.68,104.55,-5.62,-20.82,116.34
2019,67,40244.81,0.00,424.66,104.55,-1.59,-16.94,162.13
2019,68,40454.11,3.88,309.92,108.44,2.45,-11.71,249.43
2019,69,40663.82,0.00,320.09,108.44,1.51,-7.38,351.14
2019,70,40873.89,0.00,273.69,108.44,0.09,-7.00,361.43
2019,71,41084.29,0.92,434.42,109.35,4.85,-10.43,276.40
2019,72,41294.99,23.99,277.38,108.99,5.58,-5.14,416.94
2019,73,41505.96,2.11,176.28,106.09,6.87,0.90,651.78
2019,74,41717.17,0.00,153.90,105.24,-0.39,-3.96,455.65
2019,75,41928.59,0.00,295.73,105.24,0.38,-6.91,364.03
2019,76,42140.18,0.00,369.95,105.24,1.61,-8.25,328.01
2019,77,42351.92,0.00,404.86,105.24,3.72,-7.66,343.55
2019,78,42563.78,0.57,380.10,104.59,5.69,-4.46,438.94
2019,79,42775.73,0.00,278.77,102.85,4.75,-1.86,533.06
2019,80,42987.73,0.00,411.52,100.35,11.38,-0.05,608.68
2019,81,43199.77,0.00,238.79,99.02,2.41,-2.83,495.75
2019,82,43411.80,0.00,486.89,99.02,8.23,-7.69,342.62
2019,83,43623.81,0.00,374.84,99.02,1.46,-7.61,344.80
2019,84,43835.75,0.00,461.85,99.02,2.63,-10.54,274.01
2019,85,44047.61,0.00,465.29,99.02,4.51,-8.94,310.83
2019,86,44259.35,1.80,475.86,98.59,9.58,-4.99,421.57
2019,87,44470.95,0.00,354.52,96.41,7.85,-0.81,575.60
2019,88,44682.37,0.00,323.40,95.77,2.94,-4.47,438.58
2019,89,44893.58,0.00,309.06,95.77,-0.76,-7.49,348.03
2019,90,45104.55,0.00,433.15,95.77,2.10,-8.42,323.78
2019,91,45315.25,0.00,414.53,95.77,3.74,-6.00,390.30
2019,92,45525.65,2.27,289.82,94.64,5.53,-3.31,478.31
2019,93,45735.72,0.00,356.87,94.18,2.83,-4.90,424.35
2019,94,45945.43,1.74,447.79,95.92,2.92,-7.68,342.97
2019,95,46154.73,0.00,440.34,95.42,5.35,-4.80,427.81
2019,96,46363.61,0.00,362.57,92.98,7.38,-0.20,602.00
2019,97,46572.01,17.12,230.43,89.98,7.16,1.15,663.48
2019,98,46779.91,6.54,205.38,86.87,6.50,1.40,675.52
2019,99,46987.28,2.16,110.32,84.29,2.62,0.15,617.34
2019,100,47194.06,0.00,288.51,83.02,2.16,-2.97,490.56
2019,101,47400.23,16.40,150.06,81.80,0.20,-3.09,486.40
2019,102,47605.75,6.83,184.80,80.26,1.70,-2.33,514.59
2019,103,47810.57,0.00,345.69,78.86,3.22,-2.69,501.25
2019,104,48014.66,0.00,503.39,78.15,6.24,-4.31,443.78
2019,105,48217.97,1.60,536.79,77.42,8.22,-4.26,445.63
2019,106,48420.46,0.00,520.80,75.94,9.12,-2.48,509.11
2019,107,48622.09,9.12,402.71,73.52,12.58,-0.23,600.52
2019,108,48822.80,0.00,481.65,70.74,10.55,0.61,638.35
2019,109,49022.56,0.00,532.85,68.42,12.00,-0.48,578.37
2019,110,49221.31,0.00,569.41,66.26,14.88,-0.84,537.76
2019,111,49419.00,5.00,332.60,63.02,10.64,1.71,690.81
2019,112,49615.59,0.00,285.23,59.48,7.36,2.43,727.42
2019,113,49811.01,0.00,473.58,56.69,10.18,0.65,640.11
2019,114,50005.23,5.60,356.93,53.60,10.86,1.34,672.71
2019,115,50198.17,0.00,574.36,50.05,18.67,2.47,656.72
2019,116,50389.80,0.00,440.81,46.88,9.82,1.55,682.98
2019,117,50580.04,0.00,500.30,45.78,6.59,-3.39,475.71
2019,118,50768.83,1.72,551.94,44.48,9.78,-2.91,486.49
2019,119,50956.13,24.87,217.93,42.50,3.56,-1.29,555.56
2019,120,51141.86,0.00,295.00,39.80,5.30,0.43,630.12
2019,121,51325.96,4.25,138.94,36.95,3.63,0.78,646.40
2019,122,51508.36,1.07,332.31,34.26,5.80,0.40,628.90
2019,123,51689.01,3.38,390.92,32.25,9.26,-1.20,559.44
2019,124,51867.83,1.54,571.36,29.35,14.93,0.89,634.43
2019,125,52044.75,0.00,533.30,25.68,14.35,2.75,738.73
2019,126,52219.70,0.00,391.02,23.12,6.80,0.10,615.04
2019,127,52392.61,0.00,532.56,21.46,9.10,-2.06,525.18
2019,128,52563.41,16.10,364.58,19.08,9.17,-0.33,596.07
2019,129,52732.02,7.45,324.02,16.44,8.32,0.29,623.70
2019,130,52898.37,0.00,527.04,14.06,11.24,-0.33,596.40
2019,131,53062.37,0.00,558.79,11.61,13.74,-0.17,593.23
2019,132,53223.96,0.00,503.83,8.64,12.26,1.07,659.82
2019,133,53383.04,0.00,540.97,5.75,14.26,0.88,639.58
2019,134,53539.55,1.96,556.79,2.17,17.51,2.52,693.66
2019,135,53693.40,2.35,293.64,0.00,13.54,4.38,835.02
2019,136,53844.51,0.00,477.44,0.00,17.22,4.00,809.84
2019,137,53992.80,0.00,455.33,0.00,11.51,0.10,615.28
2019,138,54138.19,0.00,257.80,0.00,7.88,2.59,735.91
2019,139,54280.58,0.00,194.85,0.00,7.24,3.45,782.09
2019,140,54419.91,0.00,452.27,0.00,14.01,3.17,766.96
2019,141,54556.08,3.30,387.33,0.00,17.01,1.67,688.95
2019,142,54689.02,6.55,227.23,0.00,10.49,4.23,826.04
2019,143,54818.63,0.00,403.58,0.00,14.47,5.28,889.26
2019,144,54944.84,3.79,198.80,0.00,10.74,5.43,898.17
2019,145,55067.57,0.00,484.33,0.00,19.31,6.48,928.31
2019,146,55186.72,3.03,353.69,0.00,17.58,5.53,904.47
2019,147,55302.23,2.23,189.99,0.00,9.48,4.54,844.44
2019,148,55414.01,0.00,489.39,0.00,14.78,2.35,707.98
2019,149,55521.97,0.00,531.79,0.00,21.75,4.27,747.10
2019,150,55626.05,0.00,414.67,0.00,15.71,5.94,930.99
2019,151,55726.17,0.00,433.49,0.00,15.44,4.80,859.75
2019,152,55822.25,0.00,483.90,0.00,16.87,3.55,757.04
2019,153,55914.21,0.00,438.71,0.00,13.24,2.37,724.09
2019,154,56002.00,9.19,350.80,0.00,14.00,1.86,698.32
2019,155,56085.53,8.93,314.32,0.00,14.11,4.03,814.50
2019,156,56164.75,0.00,384.17,0.00,14.82,5.80,922.17
2019,157,56239.59,0.00,484.52,0.00,18.70,5.10,856.01
2019,158,56309.98,0.00,480.03,0.00,20.28,6.63,943.49
2019,159,56375.87,0.00,495.33,0.00,24.80,9.17,1070.24
2019,160,56437.21,7.99,356.80,0.00,22.73,8.54,1112.61
2019,161,56493.94,5.14,334.81,0.00,20.21,8.00,1072.55
2019,162,56546.02,5.36,342.94,0.00,19.12,6.51,968.39
2019,163,56593.39,0.00,449.27,0.00,18.30,6.23,931.70
2019,164,56636.02,0.00,485.89,0.00,19.76,5.70,863.16
2019,165,56673.88,1.21,425.86,0.00,17.20,6.19,946.86
2019,166,56706.92,0.00,439.06,0.00,16.21,4.80,860.01
2019,167,56735.12,0.00,383.34,0.00,15.88,6.59,973.32
2019,168,56758.46,1.39,424.66,0.00,17.23,6.22,949.14
2019,169,56776.91,0.00,358.54,0.00,15.76,7.00,1001.32
2019,170,56790.45,0.00,461.10,0.00,19.05,6.09,909.42
2019,171,56799.08,0.00,463.43,0.00,19.77,6.68,940.84
2019,172,56802.79,0.00,439.84,0.00,18.63,6.58,957.70
2019,173,56801.57,0.00,477.27,0.00,20.64,6.36,906.52
2019,174,56795.42,27.29,304.16,0.00,18.74,7.76,1055.20
2019,175,56784.35,0.43,343.54,0.00,17.67,8.98,1145.59
2019,176,56768.38,0.75,449.67,0.00,21.68,8.54,1112.39
2019,177,56747.50,0.00,418.00,0.00,21.97,10.04,1230.59
2019,178,56721.75,0.00,450.09,0.00,25.37,11.41,1322.02
2019,179,56691.15,0.00,430.25,0.00,21.97,9.59,1194.12
2019,180,56655.72,0.00,484.11,0.00,25.96,9.80,1157.30
2019,181,56615.49,0.09,401.59,0.00,21.91,10.54,1272.68
2019,182,56570.50,0.00,464.20,0.00,25.17,10.33,1221.13
2019,183,56520.79,0.00,442.50,0.00,24.11,10.51,1257.49
2019,184,56466.40,0.00,441.57,0.00,25.60,11.75,1356.34
2019,185,56407.38,0.95,397.76,0.00,22.74,11.21,1330.40
2019,186,56343.78,0.00,435.05,0.00,25.72,11.98,1381.88
2019,187,56275.65,0.00,323.27,0.00,21.72,12.91,1488.09
2019,188,56203.05,0.00,404.19,0.00,20.51,9.01,1148.16
2019,189,56126.03,0.00,456.32,0.00,22.76,8.67,1067.87
2019,190,56044.67,1.80,437.16,0.00,24.97,11.55,1291.70
2019,191,55959.02,4.11,268.55,0.00,23.24,13.24,1520.99
2019,192,55869.15,2.35,312.64,0.00,23.61,11.27,1336.01
2019,193,55775.14,4.84,363.46,0.00,27.99,10.73,1257.61
2019,194,55677.05,0.00,444.17,0.00,26.28,12.19,1306.82
2019,195,55574.96,0.00,429.71,0.00,24.31,11.13,1248.50
2019,196,55468.94,17.31,323.59,0.00,27.10,13.14,1510.53
2019,197,55359.08,0.00,370.22,0.00,26.26,15.10,1715.71
2019,198,55245.44,19.97,265.30,0.00,23.19,13.03,1499.90
2019,199,55128.12,5.62,228.16,0.00,22.91,14.42,1641.73
2019,200,55007.18,0.00,362.74,0.00,26.04,15.22,1729.16
2019,201,54882.72,0.00,392.22,0.00,25.19,13.33,1529.96
2019,202,54754.81,0.00,337.00,0.00,21.10,11.80,1383.08
2019,203,54623.54,4.30,336.33,0.00,26.36,11.52,1358.09
2019,204,54488.99,0.00,393.65,0.00,23.84,12.07,1408.20
2019,205,54351.25,5.66,318.55,0.00,26.29,12.53,1451.64
2019,206,54210.39,12.68,315.42,0.00,25.79,12.29,1429.16
2019,207,54066.50,15.80,240.41,0.00,23.21,14.09,1607.15
2019,208,53919.67,0.00,406.61,0.00,26.17,13.32,1528.51
2019,209,53769.97,21.03,276.46,0.00,24.60,13.61,1557.85
2019,210,53617.49,0.00,367.87,0.00,24.92,14.02,1599.36
2019,211,53462.31,0.00,380.07,0.00,21.12,10.17,1241.12
2019,212,53304.51,0.00,419.15,0.00,21.93,9.21,1164.21
2019,213,53144.18,1.94,424.98,0.00,22.57,9.44,1181.93
2019,214,52981.38,1.68,423.76,0.00,25.91,12.25,1425.47
2019,215,52816.21,7.46,246.66,0.00,22.73,13.47,1543.73
2019,216,52648.73,1.74,417.10,0.00,24.62,11.51,1357.59
2019,217,52479.03,10.55,261.41,0.00,22.81,12.77,1474.84
2019,218,52307.17,1.60,363.03,0.00,23.52,12.85,1481.90
2019,219,52133.24,8.13,254.61,0.00,22.93,13.26,1522.78
2019,220,51957.31,0.07,377.76,0.00,23.24,12.09,1409.98
2019,221,51779.44,0.00,395.62,0.00,23.88,11.76,1379.92
2019,222,51599.70,0.00,417.32,0.00,23.85,10.58,1275.54
2019,223,51418.18,0.00,398.42,0.00,23.91,11.66,1370.79
2019,224,51234.92,4.88,292.30,0.00,23.30,11.54,1360.18
2019,225,51050.00,0.00,319.95,0.00,20.11,11.40,1347.07
2019,226,50863.49,0.00,375.49,0.00,20.01,9.34,1174.24
2019,227,50675.44,0.00,416.39,0.00,22.17,9.23,1165.21
2019,228,50485.92,0.00,331.73,0.00,20.68,11.46,1352.78
2019,229,50294.99,0.00,402.85,0.00,24.43,11.58,1363.16
2019,230,50102.71,9.28,237.26,0.00,21.14,12.27,1426.61
2019,231,49909.13,0.00,378.53,0.00,22.35,10.90,1303.11
2019,232,49714.30,10.25,308.79,0.00,24.55,10.85,1298.89
2019,233,49518.30,0.00,350.05,0.00,21.78,11.47,1353.22
2019,234,49321.15,0.00,301.31,0.00,17.84,9.62,1196.73
2019,235,49122.93,0.00,387.95,0.00,18.86,7.24,1018.01
2019,236,48923.68,0.00,400.65,0.00,20.45,7.94,1067.81
2019,237,48723.44,1.33,380.52,0.00,21.79,9.94,1222.63
2019,238,48522.27,17.91,207.69,0.00,20.66,12.96,1493.09
2019,239,48320.21,6.86,228.12,0.00,20.10,11.55,1361.07
2019,240,48117.31,5.39,226.89,0.00,16.93,8.68,1122.59
2019,241,47913.61,4.90,286.67,0.00,19.90,8.09,1078.98
2019,242,47709.15,0.00,411.18,0.00,21.09,7.28,1020.75
2019,243,47503.98,0.00,361.19,0.00,18.46,7.65,1046.63
2019,244,47298.13,0.00,346.06,0.00,17.85,7.74,1053.76
2019,245,47091.65,1.82,260.13,0.00,15.42,8.47,1106.73
2019,246,46884.57,12.87,187.36,0.00,15.33,8.76,1128.78
2019,247,46676.94,0.00,314.64,0.00,15.90,7.18,1013.65
2019,248,46468.78,2.86,265.16,0.00,17.02,6.57,972.43
2019,249,46260.14,0.00,319.70,0.00,17.48,8.31,1095.26
2019,250,46051.05,0.00,265.00,0.00,16.43,9.25,1166.89
2019,251,45841.54,0.00,250.92,0.00,14.58,7.98,1070.53
2019,252,45631.65,26.72,243.42,0.00,16.31,7.12,1009.48
2019,253,45421.41,0.41,264.56,0.00,16.29,9.24,1166.25
2019,254,45210.86,0.00,130.73,0.00,11.86,8.75,1128.09
2019,255,45000.02,34.03,118.00,0.00,13.06,9.24,1166.43
2019,256,44788.92,3.47,181.30,0.00,15.94,9.76,1207.98
2019,257,44577.61,0.40,306.13,0.00,17.58,9.22,1164.42
2019,258,44366.10,0.00,298.82,0.00,17.01,8.90,1139.58
2019,259,44154.43,0.34,329.06,0.00,19.67,10.05,1231.17
2019,260,43942.62,4.05,255.28,0.00,22.03,11.34,1341.89
2019,261,43730.72,0.00,307.14,0.00,23.21,13.92,1589.48
2019,262,43518.74,0.00,312.97,0.00,22.65,13.15,1511.85
2019,263,43306.71,0.00,291.37,0.00,21.34,12.88,1484.90
2019,264,43094.68,3.56,215.79,0.00,21.87,13.38,1534.13
2019,265,42882.65,0.00,178.87,0.00,18.47,13.84,1581.27
2019,266,42670.67,0.00,242.59,0.00,18.70,12.22,1421.87
2019,267,42458.77,2.78,267.85,0.00,20.08,7.69,1050.19
2019,268,42246.96,3.16,236.22,0.00,17.83,8.29,1093.51
2019,269,42035.29,3.70,205.75,0.00,15.06,7.43,1031.52
2019,270,41823.78,0.00,307.82,0.00,16.04,6.73,983.13
2019,271,41612.46,0.00,326.96,0.00,14.43,4.07,816.99
2019,272,41401.37,4.84,174.61,0.00,11.95,5.82,923.45
2019,273,41190.53,9.87,219.95,0.00,17.04,8.19,1086.40
2019,274,40979.97,1.33,204.67,0.00,14.88,9.48,1185.00
2019,275,40769.73,11.88,106.45,0.00,8.51,5.05,874.86
2019,276,40559.84,4.51,125.75,0.00,8.06,3.91,807.72
2019,277,40350.33,0.00,248.74,0.00,9.07,2.39,725.34
2019,278,40141.23,10.38,189.97,0.00,11.48,4.49,841.64
2019,279,39932.59,0.00,288.13,0.00,15.03,6.07,939.25
2019,280,39724.43,0.00,287.16,0.00,14.65,5.55,906.30
2019,281,39516.79,0.00,335.34,0.00,17.44,2.44,728.01
2019,282,39309.71,0.00,321.43,0.00,18.68,4.89,865.16
2019,283,39103.22,14.17,188.56,0.00,15.99,7.79,1057.04
2019,284,38897.37,2.65,183.72,0.00,14.32,6.30,954.61
2019,285,38692.20,8.45,76.73,0.00,4.62,1.83,696.73
2019,286,38487.73,2.41,166.58,0.00,6.33,-0.52,588.06
2019,287,38284.03,0.00,223.63,0.00,7.23,0.20,619.61
2019,288,38081.12,0.00,207.88,0.00,7.59,1.12,662.10
2019,289,37879.05,0.00,218.41,0.00,8.78,1.77,693.86
2019,290,37677.88,0.00,228.02,0.00,8.30,0.81,647.83
2019,291,37477.63,0.00,266.22,0.00,11.42,1.23,667.62
2019,292,37278.37,1.65,210.87,0.00,10.89,3.84,803.92
2019,293,37080.14,0.00,263.97,0.00,12.99,2.24,717.49
2019,294,36882.99,35.36,156.66,0.00,10.87,3.63,791.84
2019,295,36686.98,0.00,113.12,0.00,9.23,5.66,913.07
2019,296,36492.15,0.00,125.44,0.00,7.64,3.67,794.40
2019,297,36298.56,0.00,182.56,0.00,7.03,0.98,655.66
2019,298,36106.26,0.00,259.06,0.00,8.79,-2.48,508.88
2019,299,35915.32,0.00,254.66,0.00,11.90,0.25,621.89
2019,300,35725.80,0.00,233.64,0.00,9.51,-0.15,604.14
2019,301,35537.74,0.00,134.55,0.00,3.26,-1.17,560.74
2019,302,35351.21,0.00,199.18,0.00,4.92,-2.49,508.43
2019,303,35166.29,0.00,158.22,0.00,1.22,-4.21,447.26
2019,304,34983.02,0.00,114.22,0.00,-0.41,-4.19,447.97
2019,305,34801.48,1.10,199.88,0.00,3.97,-3.91,457.42
2019,306,34621.74,0.00,137.62,0.00,1.91,-3.00,489.79
2019,307,34443.86,0.00,144.35,0.00,3.11,-2.17,520.97
2019,308,34267.91,0.00,198.76,0.00,5.21,-3.22,481.78
2019,309,34093.96,0.00,110.43,0.00,-2.36,-6.25,382.84
2019,310,33922.09,0.00,157.16,0.00,-2.06,-7.97,335.28
2019,311,33752.37,0.00,103.89,0.00,-3.86,-7.44,349.40
2019,312,33584.88,1.42,220.62,1.42,-1.34,-9.68,293.17
2019,313,33419.69,0.00,208.35,1.42,0.96,-6.80,367.08
2019,314,33256.88,0.00,145.10,1.42,-4.28,-8.96,310.27
2019,315,33096.53,0.00,157.10,1.42,-9.11,-14.34,201.42
2019,316,32938.72,0.93,217.65,2.35,-5.86,-14.73,195.02
2019,317,32783.52,1.18,204.20,3.53,-3.83,-11.94,244.94
2019,318,32631.02,0.00,198.83,3.53,0.39,-7.71,342.02
2019,319,32481.31,0.00,173.02,3.53,-1.66,-8.23,328.58
2019,320,32334.45,1.84,230.12,5.36,4.11,-9.23,303.88
2019,321,32190.55,1.37,121.38,3.42,3.10,-1.37,552.55
2019,322,32049.67,0.00,64.76,0.76,2.56,0.32,625.02
2019,323,31911.90,0.00,61.11,0.00,2.37,0.05,612.78
2019,324,31777.33,19.64,83.58,0.00,4.79,0.21,619.94
2019,325,31646.04,1.50,116.10,0.00,1.96,-2.87,494.49
2019,326,31518.11,0.00,154.69,0.00,0.05,-7.20,355.90
2019,327,31393.62,0.00,166.70,0.00,4.24,-4.60,434.14
2019,328,31272.66,1.85,162.85,0.00,6.43,-2.23,518.32
2019,329,31155.32,3.56,94.97,0.00,5.00,-0.76,577.65
2019,330,31041.66,5.32,38.85,0.00,0.27,-1.75,537.27
2019,331,30931.77,12.59,38.52,0.00,-1.86,-3.85,459.60
2019,332,30825.72,0.00,101.83,0.00,-0.87,-5.14,416.89
2019,333,30723.61,0.00,98.73,0.00,-0.26,-4.40,440.71
2019,334,30625.49,0.00,56.76,0.00,-1.16,-3.43,474.24
2019,335,30531.45,0.00,90.72,0.00,-1.28,-5.06,419.47
2019,336,30441.56,1.43,189.08,1.43,0.21,-10.83,267.73
2019,337,30355.88,0.00,176.89,1.43,1.51,-7.84,338.65
2019,338,30274.49,0.00,145.09,1.43,0.11,-6.31,381.10
2019,339,30197.44,1.19,161.34,2.61,-2.63,-10.39,277.13
2019,340,30124.81,0.00,125.59,2.61,-3.85,-9.19,304.76
2019,341,30056.65,0.00,185.50,2.61,2.27,-10.93,265.45
2019,342,29993.02,4.30,134.17,6.92,2.30,-9.17,305.22
2019,343,29933.97,5.42,95.03,12.34,-7.26,-12.87,227.05
2019,344,29879.55,0.00,88.88,12.34,-13.41,-17.06,160.58
2019,345,29829.81,0.00,162.36,12.34,-12.46,-20.91,115.41
2019,346,29784.79,0.42,179.10,12.76,-6.34,-17.83,150.46
2019,347,29744.53,2.89,121.44,15.65,-2.79,-11.64,250.77
2019,348,29709.07,1.02,125.85,16.66,-5.26,-11.06,262.73
2019,349,29678.43,0.00,157.73,16.66,-8.11,-16.44,169.08
2019,350,29652.65,0.00,162.84,16.66,-5.56,-14.47,199.27
2019,351,29631.74,0.00,178.13,16.66,-5.73,-17.81,150.62
2019,352,29615.73,0.92,181.90,17.58,-7.87,-21.82,106.55
2019,353,29604.64,0.00,170.99,17.58,-4.33,-15.66,180.58
2019,354,29598.46,0.00,165.07,17.58,1.01,-9.83,289.73
2019,355,29597.20,0.00,122.94,16.77,2.54,-4.07,452.00
2019,356,29600.88,0.00,161.18,16.54,5.30,-5.43,407.59
2019,357,29609.47,0.00,142.93,16.29,2.92,-5.41,408.40
2019,358,29622.99,0.00,101.90,15.40,1.28,-3.90,457.79
2019,359,29641.40,0.90,84.66,13.56,2.59,-1.62,542.44
2019,360,29664.71,1.15,66.76,11.05,3.25,-0.02,609.61
2019,361,29692.88,0.00,91.56,9.98,1.14,-3.45,473.50
2019,362,29725.89,16.01,107.23,25.99,1.04,-6.96,362.74
2019,363,29763.71,24.37,92.36,25.48,1.75,-4.76,428.89
2019,364,29806.31,12.06,51.74,24.11,0.62,-2.74,499.25
2019,365,29853.66,0.00,84.78,24.11,-4.83,-8.92,311.36
2020,1,29905.94,1.31,184.30,32.48,-1.21,-14.14,204.71
2020,2,29962.66,0.36,175.99,32.84,1.60,-9.56,296.04
2020,3,30023.99,0.00,51.51,32.68,-3.39,-5.61,402.16
2020,4,30089.87,0.00,99.66,32.31,-0.53,-5.13,417.02
2020,5,30160.26,3.92,78.10,31.77,0.11,-4.70,431.02
2020,6,30235.08,0.00,137.22,31.77,0.25,-6.44,377.44
2020,7,30314.29,0.00,172.14,31.77,-2.05,-11.54,252.90
2020,8,30397.81,0.70,188.32,32.46,-5.93,-17.22,158.37
2020,9,30485.59,2.66,147.60,35.12,-0.51,-13.63,213.50
2020,10,30577.55,0.00,130.31,35.12,-4.07,-9.90,288.08
2020,11,30673.62,0.00,169.64,35.12,-8.81,-17.10,160.03
2020,12,30773.72,0.00,186.56,35.12,-5.41,-15.32,185.80
2020,13,30877.80,6.84,139.49,41.96,-1.20,-10.90,266.15
2020,14,30985.75,0.00,157.84,41.96,-0.14,-7.33,352.31
2020,15,31097.52,1.44,109.58,43.39,-4.05,-8.49,321.98
2020,16,31213.02,0.00,166.80,43.39,-9.21,-16.51,168.10
2020,17,31332.17,9.33,168.97,52.72,-2.92,-18.57,141.19
2020,18,31454.88,8.05,157.20,60.77,-1.67,-12.52,233.66
2020,19,31581.09,0.00,106.20,60.77,-5.92,-9.90,288.14
2020,20,31710.69,0.00,217.07,60.77,-4.26,-15.32,185.79
2020,21,31843.62,0.00,220.98,60.77,-2.34,-13.75,211.42
2020,22,31979.79,0.00,210.39,60.77,-0.23,-10.05,284.88
2020,23,32119.11,5.86,115.62,66.63,-1.01,-6.86,365.38
2020,24,32261.50,3.00,89.75,65.52,0.98,-3.35,477.02
2020,25,32406.88,0.00,72.51,63.82,0.49,-1.96,528.80
2020,26,32555.16,0.00,91.43,62.47,0.35,-2.78,497.90
2020,27,32706.26,0.00,102.86,62.43,-2.44,-5.91,393.05
2020,28,32860.11,0.00,137.06,62.43,-3.55,-8.22,328.79
2020,29,33016.61,1.36,132.38,63.79,-2.88,-7.31,352.99
2020,30,33175.69,0.00,144.62,63.79,-1.96,-6.80,367.03
2020,31,33337.27,0.00,165.45,63.38,0.48,-5.02,420.52
2020,32,33501.27,5.44,140.63,62.14,3.28,-3.06,487.61
2020,33,33667.61,0.00,130.21,60.57,1.79,-2.25,517.81
2020,34,33836.22,0.00,197.95,60.57,-0.44,-6.98,362.12
2020,35,34007.01,0.00,192.33,60.57,-7.83,-13.90,208.80
2020,36,34179.92,0.00,293.88,60.57,0.42,-17.38,156.26
2020,37,34354.86,1.69,275.09,62.26,-2.37,-13.92,208.48
2020,38,34531.78,0.00,219.05,62.26,-9.31,-16.33,170.71
2020,39,34710.60,0.00,298.40,62.26,-3.75,-17.66,152.56
2020,40,34891.24,0.00,273.89,62.26,-3.54,-13.78,210.83
2020,41,35073.64,0.72,295.74,62.97,-1.26,-13.70,212.21
2020,42,35257.74,0.00,268.13,62.97,-1.31,-10.71,270.13
2020,43,35443.47,1.31,304.76,64.29,-1.50,-14.02,206.73
2020,44,35630.76,0.00,267.05,64.29,-14.10,-22.79,97.73
2020,45,35819.55,0.72,333.89,65.01,-5.33,-23.15,94.72
2020,46,36009.79,0.25,331.48,65.26,-1.27,-17.44,155.47
2020,47,36201.40,0.00,301.59,65.26,-8.42,-19.27,133.00
2020,48,36394.35,2.37,260.36,67.63,-1.76,-20.20,122.79
2020,49,36588.56,0.00,302.81,67.63,-4.82,-15.68,180.20
2020,50,36783.98,0.00,238.69,67.63,-10.45,-17.57,153.77
2020,51,36980.57,0.00,341.94,67.63,-3.73,-17.64,152.93
2020,52,37178.26,0.00,358.41,67.63,3.76,-13.57,214.54
2020,53,37377.01,0.00,330.49,67.63,5.36,-7.39,350.72
2020,54,37576.76,0.00,348.48,67.63,8.26,-6.75,368.65
2020,55,37777.47,0.00,218.82,66.15,4.28,-2.46,509.55
2020,56,37979.09,0.00,235.85,66.15,-0.26,-7.50,347.82
2020,57,38181.58,0.00,196.90,66.15,-5.90,-11.64,250.89
2020,58,38384.89,0.00,249.64,66.15,-6.20,-13.73,211.68
2020,59,38588.98,0.00,305.42,66.15,-3.75,-13.75,211.46
2020,60,38793.80,0.00,376.41,66.15,-0.32,-15.88,177.25
2020,61,38999.32,0.00,384.44,66.15,6.23,-10.83,267.60
2020,62,39205.49,0.20,265.20,66.35,2.21,-6.27,382.28
2020,63,39412.27,0.00,185.29,65.22,2.27,-3.30,478.89
2020,64,39619.63,5.00,169.40,64.73,2.02,-4.83,426.70
2020,65,39827.53,6.49,131.85,64.50,-0.39,-5.47,406.54
2020,66,40035.94,0.00,301.41,64.50,-1.33,-10.52,274.38
2020,67,40244.81,0.00,400.44,64.50,6.13,-9.56,295.91
2020,68,40454.11,0.00,374.59,63.83,9.11,-4.40,440.97
2020,69,40663.82,0.00,245.02,63.83,0.24,-6.67,370.74
2020,70,40873.89,0.00,362.48,63.83,1.08,-10.54,273.86
2020,71,41084.29,0.00,389.29,63.83,3.69,-9.49,297.71
2020,72,41294.99,12.01,160.60,62.66,2.54,-3.22,481.56
2020,73,41505.96,0.00,184.59,62.38,-0.62,-5.32,411.18
2020,74,41717.17,0.00,268.17,62.38,-1.44,-8.44,323.24
2020,75,41928.59,1.31,365.57,63.69,0.12,-10.13,282.92
2020,76,42140.18,1.17,380.98,64.86,2.28,-8.42,323.65
2020,77,42351.92,0.00,356.69,64.86,2.31,-7.15,357.21
2020,78,42563.78,4.24,279.03,69.10,3.01,-6.68,370.40
2020,79,42775.73,3.88,204.36,68.06,2.76,-3.53,470.49
2020,80,42987.73,0.00,304.15,68.06,-1.57,-8.57,319.98
2020,81,43199.77,0.00,469.36,68.06,-0.13,-14.65,196.34
2020,82,43411.80,1.51,459.99,69.57,2.09,-11.21,259.72
2020,83,43623.81,0.00,389.37,68.75,5.46,-4.05,452.66
2020,84,43835.75,0.00,440.08,68.60,5.87,-5.65,380.27
2020,85,44047.61,0.00,420.53,67.68,6.76,-3.80,437.67
2020,86,44259.35,0.00,262.79,66.46,2.42,-3.09,486.48
2020,87,44470.95,0.00,464.72,66.46,6.51,-6.18,353.17
2020,88,44682.37,14.59,347.65,65.53,9.05,-3.81,457.65
2020,89,44893.58,12.31,180.17,62.74,5.70,0.66,640.53
2020,90,45104.55,0.00,291.74,60.14,6.26,0.18,618.91
2020,91,45315.25,0.00,331.43,58.69,4.21,-2.54,506.71
2020,92,45525.65,0.00,363.65,56.85,5.96,-1.62,542.26
2020,93,45735.72,0.00,469.99,54.99,10.26,-1.57,504.31
2020,94,45945.43,8.09,348.70,53.44,9.26,-2.31,515.45
2020,95,46154.73,0.00,368.50,52.98,2.85,-4.90,424.46
2020,96,46363.61,0.00,474.74,52.79,6.16,-5.56,394.85
2020,97,46572.01,2.18,367.56,51.64,9.29,-3.27,480.02
2020,98,46779.91,5.35,270.28,49.56,6.27,-1.05,565.58
2020,99,46987.28,0.00,485.11,47.56,10.81,-1.23,520.33
2020,100,47194.06,0.00,331.88,45.72,4.90,-1.61,542.84
2020,101,47400.23,0.00,265.00,43.78,3.48,-1.38,552.23
2020,102,47605.75,0.00,527.95,42.41,11.52,-2.75,440.79
2020,103,47810.57,4.60,234.23,40.82,3.76,-2.20,519.67
2020,104,48014.66,0.00,367.24,40.43,2.09,-5.08,418.76
2020,105,48217.97,0.00,387.50,40.43,0.59,-6.95,362.88
2020,106,48420.46,0.00,468.93,40.43,1.55,-8.40,324.27
2020,107,48622.09,0.00,502.54,40.43,5.01,-6.43,360.62
2020,108,48822.80,0.00,478.26,39.97,5.43,-4.91,395.91
2020,109,49022.56,0.00,551.22,38.50,12.56,-2.49,387.01
2020,110,49221.31,0.00,403.42,37.18,5.24,-2.87,475.25
2020,111,49419.00,0.00,509.02,35.72,9.27,-2.52,419.25
2020,112,49615.59,0.00,432.95,35.55,3.00,-5.60,387.62
2020,113,49811.01,0.00,408.31,35.22,2.64,-5.20,408.55
2020,114,50005.23,0.00,435.37,33.65,6.29,-2.26,461.55
2020,115,50198.17,0.00,507.94,31.94,9.16,-1.93,413.36
2020,116,50389.80,0.00,525.81,29.89,11.05,-1.12,416.18
2020,117,50580.04,0.00,441.93,26.88,10.00,1.15,545.78
2020,118,50768.83,5.89,266.90,23.94,7.53,1.01,657.08
2020,119,50956.13,2.91,255.58,20.94,7.34,1.14,663.32
2020,120,51141.86,0.00,476.05,16.91,13.61,3.60,615.17
2020,121,51325.96,0.00,509.61,13.04,14.75,3.22,566.14
2020,122,51508.36,3.02,427.24,9.84,18.10,1.61,543.72
2020,123,51689.01,0.00,572.68,5.94,20.11,3.29,477.40
2020,124,51867.83,0.00,379.42,2.48,9.72,2.25,643.43
2020,125,52044.75,0.00,258.54,0.00,5.23,-0.06,608.10
2020,126,52219.70,0.00,440.14,0.00,8.78,-1.74,458.14
2020,127,52392.61,0.00,483.37,0.00,11.11,-1.58,427.29
2020,128,52563.41,0.00,444.52,0.00,8.18,-2.48,430.40
2020,129,52732.02,0.00,411.02,0.00,5.00,-4.20,409.37
2020,130,52898.37,0.00,507.99,0.00,10.33,-4.07,345.82
2020,131,53062.37,0.00,338.86,0.00,5.02,-2.27,505.32
2020,132,53223.96,0.00,454.60,0.00,8.20,-2.84,410.56
2020,133,53383.04,0.00,440.28,0.00,7.37,-3.14,412.11
2020,134,53539.55,5.49,381.93,0.00,11.54,-3.31,413.54
2020,135,53693.40,5.90,296.24,0.00,9.72,0.46,622.22
2020,136,53844.51,0.00,398.17,0.00,12.41,3.04,656.08
2020,137,53992.80,0.00,478.20,0.00,14.27,1.50,523.40
2020,138,54138.19,0.00,454.10,0.00,15.22,3.57,614.32
2020,139,54280.58,0.00,417.05,0.00,16.46,6.40,759.73
2020,140,54419.91,0.00,448.59,0.00,17.28,5.87,695.85
2020,141,54556.08,0.00,495.19,0.00,19.73,5.64,623.62
2020,142,54689.02,0.00,515.79,0.00,22.21,6.03,602.55
2020,143,54818.63,0.00,485.09,0.00,20.53,6.61,667.35
2020,144,54944.84,0.00,414.70,0.00,18.85,8.26,837.51
2020,145,55067.57,0.00,457.07,0.00,21.01,8.50,782.23
2020,146,55186.72,0.00,487.29,0.00,22.88,8.52,732.67
2020,147,55302.23,19.31,334.26,0.00,22.24,9.76,1009.54
2020,148,55414.01,1.72,411.67,0.00,21.89,10.84,1061.68
2020,149,55521.97,0.00,417.60,0.00,20.55,9.26,965.56
2020,150,55626.05,1.59,385.31,0.00,17.79,7.87,934.04
2020,151,55726.17,0.00,371.95,0.00,14.70,5.45,828.88
2020,152,55822.25,0.00,505.36,0.00,18.91,3.38,596.42
2020,153,55914.21,3.42,323.50,0.00,16.85,5.44,860.90
2020,154,56002.00,0.00,534.49,0.00,28.39,7.97,729.47
2020,155,56085.53,0.00,491.53,0.00,25.83,9.87,870.33
2020,156,56164.75,0.00,516.36,0.00,25.94,7.82,705.75
2020,157,56239.59,1.57,477.12,0.00,24.24,9.20,829.63
2020,158,56309.98,0.00,306.08,0.00,14.95,7.18,976.88
2020,159,56375.87,24.91,173.75,0.00,10.62,5.06,875.55
2020,160,56437.21,0.00,483.66,0.00,21.40,6.31,781.75
2020,161,56493.94,15.36,331.10,0.00,21.85,8.57,1070.13
2020,162,56546.02,8.77,266.91,0.00,18.06,8.53,1111.26
2020,163,56593.39,0.00,362.61,0.00,16.54,6.93,982.14
2020,164,56636.02,0.00,404.17,0.00,13.83,3.05,739.84
2020,165,56673.88,0.00,441.33,0.00,15.81,3.34,719.77
2020,166,56706.92,0.00,462.13,0.00,18.32,4.54,749.63
2020,167,56735.12,0.41,471.70,0.00,20.68,6.11,808.43
2020,168,56758.46,0.00,453.61,0.00,24.65,10.49,1074.39
2020,169,56776.91,0.00,437.89,0.00,25.22,11.69,1161.34
2020,170,56790.45,1.92,411.20,0.00,23.20,11.07,1148.85
2020,171,56799.08,0.00,363.93,0.00,22.16,11.96,1295.72
2020,172,56802.79,0.00,305.22,0.00,19.38,11.36,1344.13
2020,173,56801.57,2.96,291.25,0.00,20.29,9.55,1190.47
2020,174,56795.42,0.00,374.23,0.00,21.08,10.88,1206.95
2020,175,56784.35,0.00,421.22,0.00,23.42,11.26,1160.95
2020,176,56768.38,0.00,421.39,0.00,22.34,10.35,1101.19
2020,177,56747.50,0.00,490.17,0.00,26.74,10.43,997.74
2020,178,56721.75,0.00,492.85,0.00,28.66,11.58,1059.05
2020,179,56691.15,0.00,418.77,0.00,25.73,13.25,1243.34
2020,180,56655.72,0.00,452.03,0.00,25.53,11.53,1010.99
2020,181,56615.49,10.07,320.89,0.00,25.05,11.85,1238.83
2020,182,56570.50,0.52,354.63,0.00,25.66,15.50,1543.39
2020,183,56520.79,0.00,359.79,0.00,25.15,14.88,1481.94
2020,184,56466.40,0.00,452.86,0.00,29.04,14.60,1264.27
2020,185,56407.38,0.00,440.90,0.00,28.25,14.67,1250.71
2020,186,56343.78,0.00,452.81,0.00,28.99,14.81,1236.12
2020,187,56275.65,5.44,311.62,0.00,27.65,15.13,1544.09
2020,188,56203.05,17.14,284.55,0.00,26.05,15.06,1620.60
2020,189,56126.03,0.00,395.52,0.00,26.17,14.56,1419.30
2020,190,56044.67,14.64,274.18,0.00,24.93,14.46,1635.81
2020,191,55959.02,12.98,254.02,0.00,25.14,15.64,1776.00
2020,192,55869.15,0.00,369.97,0.00,27.68,16.81,1801.79
2020,193,55775.14,0.00,390.46,0.00,25.99,14.52,1540.15
2020,194,55677.05,0.00,400.67,0.00,23.79,12.17,1312.66
2020,195,55574.96,13.42,291.27,0.00,23.96,12.68,1466.23
2020,196,55468.94,8.45,201.66,0.00,21.09,14.11,1608.94
2020,197,55359.08,4.31,306.39,0.00,24.59,12.61,1459.49
2020,198,55245.44,6.14,287.12,0.00,24.65,13.77,1574.14
2020,199,55128.12,10.64,303.04,0.00,26.59,14.57,1658.08
2020,200,55007.18,14.34,255.74,0.00,24.99,15.63,1774.43
2020,201,54882.72,5.05,274.25,0.00,24.92,14.69,1670.86
2020,202,54754.81,0.00,355.95,0.00,18.74,9.42,1180.28
2020,203,54623.54,25.79,250.06,0.00,17.96,9.44,1182.19
2020,204,54488.99,0.00,319.69,0.00,19.27,11.11,1321.47
2020,205,54351.25,0.00,403.71,0.00,22.38,11.01,1312.95
2020,206,54210.39,0.00,442.48,0.00,25.47,11.70,1374.59
2020,207,54066.50,1.00,381.78,0.00,26.71,15.67,1779.82
2020,208,53919.67,0.00,353.25,0.00,28.33,18.27,2097.63
2020,209,53769.97,2.39,306.59,0.00,26.39,14.38,1638.02
2020,210,53617.49,0.00,426.15,0.00,26.06,13.28,1524.41
2020,211,53462.31,0.00,409.46,0.00,24.35,12.64,1461.87
2020,212,53304.51,0.00,422.97,0.00,25.67,13.00,1497.18
2020,213,53144.18,0.00,411.49,0.00,24.30,12.31,1430.64
2020,214,52981.38,7.77,319.86,0.00,25.11,12.26,1426.18
2020,215,52816.21,0.00,291.19,0.00,20.64,13.36,1532.77
2020,216,52648.73,2.89,255.73,0.00,19.00,10.46,1265.69
2020,217,52479.03,0.00,372.68,0.00,18.04,8.58,1115.64
2020,218,52307.17,0.00,457.34,0.00,22.70,8.62,1118.00
2020,219,52133.24,0.00,434.91,0.00,24.02,10.92,1305.16
2020,220,51957.31,17.24,302.56,0.00,24.73,13.00,1497.02
2020,221,51779.44,9.46,258.85,0.00,25.13,15.63,1775.24
2020,222,51599.70,28.41,237.07,0.00,25.97,17.37,1982.14
2020,223,51418.18,2.00,334.79,0.00,25.07,15.97,1813.79
2020,224,51234.92,0.00,445.93,0.00,28.12,12.96,1493.14
2020,225,51050.00,0.00,424.15,0.00,25.23,12.00,1401.84
2020,226,50863.49,3.72,275.35,0.00,25.15,14.48,1648.61
2020,227,50675.44,0.90,361.77,0.00,26.89,16.16,1835.92
2020,228,50485.92,0.00,293.63,0.00,23.83,15.91,1807.20
2020,229,50294.99,0.00,403.94,0.00,24.81,12.42,1441.15
2020,230,50102.71,0.00,385.87,0.00,23.27,11.87,1389.94
2020,231,49909.13,7.05,270.12,0.00,20.12,10.10,1235.54
2020,232,49714.30,7.46,282.66,0.00,22.18,11.13,1323.61
2020,233,49518.30,0.00,228.41,0.00,19.41,13.53,1549.93
2020,234,49321.15,0.00,319.19,0.00,22.29,13.39,1535.28
2020,235,49122.93,0.00,254.14,0.00,21.49,14.76,1678.35
2020,236,48923.68,0.00,325.58,0.00,23.92,14.72,1674.04
2020,237,48723.44,0.00,389.49,0.00,28.00,15.17,1723.41
2020,238,48522.27,2.36,220.82,0.00,23.50,15.32,1739.85
2020,239,48320.21,3.36,201.88,0.00,22.16,14.95,1698.69
2020,240,48117.31,0.00,274.05,0.00,23.54,16.13,1831.89
2020,241,47913.61,8.10,130.96,0.00,18.40,14.14,1612.49
2020,242,47709.15,0.00,301.23,0.00,20.14,12.30,1429.85
2020,243,47503.98,0.00,350.78,0.00,18.91,9.43,1181.17
2020,244,47298.13,15.70,222.06,0.00,17.63,10.20,1243.86
2020,245,47091.65,4.48,269.86,0.00,18.89,8.94,1142.51
2020,246,46884.57,4.42,290.49,0.00,21.31,9.51,1187.51
2020,247,46676.94,0.71,293.12,0.00,18.04,10.42,1262.06
2020,248,46468.78,0.00,381.35,0.00,18.02,6.87,992.65
2020,249,46260.14,0.00,371.02,0.00,18.45,7.71,1051.19
2020,250,46051.05,0.00,374.24,0.00,19.16,8.07,1077.15
2020,251,45841.54,0.00,337.43,0.00,15.39,6.25,950.87
2020,252,45631.65,0.00,337.90,0.00,11.83,2.80,746.85
2020,253,45421.41,0.00,294.97,0.00,11.57,4.03,814.68
2020,254,45210.86,0.00,382.51,0.00,13.93,2.54,733.16
2020,255,45000.02,2.42,296.79,0.00,16.97,4.13,820.66
2020,256,44788.92,7.53,218.54,0.00,14.81,7.17,1012.90
2020,257,44577.61,0.00,341.36,0.00,18.83,8.77,1130.15
2020,258,44366.10,0.00,332.61,0.00,14.61,5.19,883.63
2020,259,44154.43,0.00,389.31,0.00,21.53,7.34,1024.88
2020,260,43942.62,0.00,330.85,0.00,17.65,7.80,1057.49
2020,261,43730.72,0.00,331.05,0.00,11.22,1.76,693.29
2020,262,43518.74,0.00,367.16,0.00,12.68,0.95,653.97
2020,263,43306.71,0.00,371.53,0.00,16.08,3.16,766.24
2020,264,43094.68,0.00,368.73,0.00,18.09,4.67,851.91
2020,265,42882.65,0.00,311.24,0.00,19.83,9.60,1195.15
2020,266,42670.67,0.00,327.50,0.00,21.43,9.84,1214.16
2020,267,42458.77,0.00,343.04,0.00,20.84,8.06,1076.37
2020,268,42246.96,0.00,215.49,0.00,14.66,8.35,1097.77
2020,269,42035.29,19.61,202.95,0.00,18.65,9.89,1217.91
2020,270,41823.78,5.02,141.17,0.00,15.51,9.93,1221.21
2020,271,41612.46,0.00,246.04,0.00,17.11,9.23,1165.57
2020,272,41401.37,0.00,149.91,0.00,13.33,8.92,1141.50
2020,273,41190.53,3.93,96.65,0.00,12.39,8.68,1123.21
2020,274,40979.97,0.89,204.45,0.00,13.24,7.06,1005.29
2020,275,40769.73,0.00,207.49,0.00,10.24,4.07,816.94
2020,276,40559.84,0.00,219.17,0.00,8.47,1.97,703.90
2020,277,40350.33,0.00,253.01,0.00,8.84,0.92,652.81
2020,278,40141.23,0.00,291.84,0.00,9.84,-0.14,604.31
2020,279,39932.59,0.00,302.57,0.00,15.75,4.29,829.54
2020,280,39724.43,2.71,192.47,0.00,15.55,6.74,983.92
2020,281,39516.79,1.45,238.21,0.00,14.54,6.56,971.88
2020,282,39309.71,0.00,280.39,0.00,14.99,4.52,843.29
2020,283,39103.22,0.00,309.80,0.00,20.93,6.26,951.67
2020,284,38897.37,0.00,162.62,0.00,11.91,6.68,979.71
2020,285,38692.20,9.06,191.51,0.00,13.68,4.34,832.61
2020,286,38487.73,15.55,185.05,0.00,13.46,4.42,837.17
2020,287,38284.03,0.00,277.10,0.00,14.27,2.88,751.15
2020,288,38081.12,16.47,148.68,0.00,8.27,1.55,683.30
2020,289,37879.05,0.00,156.57,0.00,5.83,0.85,649.33
2020,290,37677.88,0.00,208.72,0.00,6.19,-0.87,573.14
2020,291,37477.63,5.91,141.35,0.00,3.81,-2.37,512.97
2020,292,37278.37,0.00,184.23,0.00,4.02,-1.99,527.79
2020,293,37080.14,0.00,169.38,0.00,3.41,-1.98,527.98
2020,294,36882.99,8.23,146.69,0.00,4.22,-2.19,520.04
2020,295,36686.98,0.00,150.58,0.00,4.29,-0.40,593.00
2020,296,36492.15,2.38,110.86,0.00,4.21,-0.35,595.26
2020,297,36298.56,0.00,108.55,0.00,3.09,-0.10,606.47
2020,298,36106.26,0.00,130.19,0.00,2.17,-1.72,538.46
2020,299,35915.32,0.00,147.86,0.00,1.55,-2.92,492.45
2020,300,35725.80,0.00,88.00,0.00,-0.17,-2.70,500.69
2020,301,35537.74,0.00,214.18,0.00,2.46,-4.99,421.57
2020,302,35351.21,2.71,155.80,0.00,4.02,-3.36,476.50
2020,303,35166.29,0.00,103.02,0.00,-0.32,-3.48,472.25
2020,304,34983.02,0.00,222.52,0.00,3.90,-4.89,424.93
2020,305,34801.48,0.72,243.80,0.00,8.22,-3.80,461.06
2020,306,34621.74,0.00,138.93,0.00,1.52,-3.22,481.79
2020,307,34443.86,0.00,227.15,0.00,9.05,-1.70,539.24
2020,308,34267.91,0.00,238.70,0.00,13.04,-1.12,562.51
2020,309,34093.96,0.00,235.35,0.00,14.96,0.16,617.96
2020,310,33922.09,0.00,215.46,0.00,15.12,3.52,785.81
2020,311,33752.37,0.00,222.14,0.00,16.83,2.82,748.09
2020,312,33584.88,0.00,167.66,0.00,11.87,4.37,834.09
2020,313,33419.69,0.00,209.42,0.00,16.97,4.49,841.70
2020,314,33256.88,14.23,158.12,0.00,17.45,3.72,797.32
2020,315,33096.53,12.15,77.49,0.00,2.49,-1.67,540.32
2020,316,32938.72,0.00,149.20,0.00,2.22,-4.21,447.05
2020,317,32783.52,0.00,136.50,0.00,2.49,-3.26,480.14
2020,318,32631.02,0.00,112.59,0.00,0.39,-4.20,447.51
2020,319,32481.31,6.01,134.80,0.00,5.15,-4.00,454.22
2020,320,32334.45,3.68,77.66,0.00,2.88,-1.50,547.25
2020,321,32190.55,0.00,98.98,0.00,-0.80,-4.94,423.23
2020,322,32049.67,0.00,136.23,0.00,-0.91,-7.03,360.69
2020,323,31911.90,0.00,195.96,0.00,5.75,-7.71,342.14
2020,324,31777.33,0.00,186.11,0.00,9.65,-2.84,495.39
2020,325,31646.04,0.00,99.43,0.00,2.35,-2.31,515.55
2020,326,31518.11,0.00,122.12,0.00,1.18,-4.81,427.24
2020,327,31393.62,2.14,104.60,0.00,2.77,-4.66,432.11
2020,328,31272.66,0.00,116.87,0.00,-1.31,-7.21,355.53
2020,329,31155.32,2.34,123.20,2.34,2.02,-6.49,376.04
2020,330,31041.66,0.00,110.33,1.07,2.21,-2.98,490.47
2020,331,30931.77,0.67,66.45,0.00,2.89,-0.48,589.84
2020,332,30825.72,0.00,76.71,0.00,2.10,-1.81,534.88
2020,333,30723.61,0.00,129.08,0.00,5.71,-1.81,534.78
2020,334,30625.49,0.00,111.74,0.00,2.30,-3.86,459.04
2020,335,30531.45,0.00,104.95,0.00,-2.74,-8.29,326.94
2020,336,30441.56,0.00,124.30,0.00,-0.54,-7.64,344.01
2020,337,30355.88,0.00,156.33,0.00,3.59,-7.34,352.09
2020,338,30274.49,0.00,133.47,0.00,3.62,-4.49,437.74
2020,339,30197.44,0.00,89.41,0.00,0.05,-4.61,434.03
2020,340,30124.81,0.00,114.03,0.00,-0.13,-6.34,380.38
2020,341,30056.65,0.00,109.44,0.00,-0.11,-5.90,393.31
2020,342,29993.02,0.00,85.21,0.00,0.90,-3.42,474.62
2020,343,29933.97,0.00,103.52,0.00,3.92,-1.48,548.04
2020,344,29879.55,0.00,134.80,0.00,8.51,0.39,628.43
2020,345,29829.81,0.97,96.83,0.00,4.91,-0.09,606.86
2020,346,29784.79,0.00,57.84,0.00,0.71,-2.03,526.33
2020,347,29744.53,0.00,88.35,0.00,-2.67,-6.97,362.34
2020,348,29709.07,1.73,97.01,1.73,-3.93,-8.16,330.46
2020,349,29678.43,0.00,117.78,1.73,-6.82,-12.07,242.21
2020,350,29652.65,2.16,128.69,3.88,-4.36,-14.94,191.64
2020,351,29631.74,0.00,162.31,3.88,-0.38,-9.92,287.77
2020,352,29615.73,0.00,143.05,3.88,0.27,-7.27,354.14
2020,353,29604.64,2.40,104.38,6.28,0.96,-6.10,387.25
2020,354,29598.46,0.00,151.08,6.28,0.28,-7.74,341.28
2020,355,29597.20,0.00,146.64,6.28,1.41,-6.30,381.34
2020,356,29600.88,1.84,121.88,8.12,-2.71,-8.41,324.02
2020,357,29609.47,4.41,128.51,12.53,2.04,-9.11,306.69
2020,358,29622.99,13.51,130.34,26.04,2.70,-8.76,315.28
2020,359,29641.40,0.00,106.91,26.04,-11.35,-16.05,174.82
2020,360,29664.71,0.00,173.96,26.04,-6.04,-16.69,165.68
2020,361,29692.88,0.00,140.38,26.04,-5.09,-12.06,242.48
2020,362,29725.89,0.00,57.22,26.04,-6.04,-8.45,323.04
2020,363,29763.71,0.00,120.49,26.04,-6.74,-12.23,239.13
2020,364,29806.31,3.51,142.45,29.56,-3.72,-19.41,131.37
2020,365,29853.66,1.61,178.87,31.17,-2.53,-14.03,206.60
